"X145430485";"X0";"X0.1";"X0.2";"X0.3";"X0.4";"X0.5";"X0.6";"X0.7";"X0.8";"X0.9";"X0.10";"X0.11";"X0.12";"X0.13";"X0.14";"X0.15";"X0.16";"X0.17";"X0.18";"X0.19";"X0.20";"X0.21";"X0.22";"X0.23";"X0.24";"X0.25";"X0.26";"X0.27";"X0.28";"X0.29";"X0.30";"X0.31";"X0.32";"X0.33";"X0.34";"X0.35";"X0.36";"X0.37";"X0.38";"X0.39";"X0.40";"X0.41";"X0.42";"X0.43";"X0.44";"X0.45";"X0.46";"X0.47";"X0.48";"X0.49";"X0.50";"X0.51";"X0.52";"X0.53";"X0.54";"X0.55";"X0.56";"X286";"X0.57";"X0.58";"X0.59";"X0.60";"X0.61";"X0.62";"X0.63";"X0.64";"X0.65";"X0.66";"X0.67";"X0.68";"X0.69";"X0.70";"X0.71";"X0.72";"X0.73";"X0.74";"X0.75";"X0.76";"X0.77";"X0.78";"X0.79";"X0.80";"X0.81";"X0.82";"X0.83";"X0.84";"X528";"X0.85";"X0.86";"X0.87";"X0.88";"X0.89";"X1261";"X0.90";"X0.91";"X649";"X0.92";"X0.93";"X0.94";"X0.95";"X0.96";"X0.97";"X0.98";"X0.99";"X0.100";"X0.101";"X0.102";"X0.103";"X0.104";"X0.105";"X786";"X0.106";"X0.107";"X0.108";"X52";"X0.109";"X0.110";"X0.111";"X0.112";"X0.113";"X0.114";"X0.115";"X0.116";"X330";"X0.117";"X0.118";"X0.119";"X0.120";"X0.121";"X0.122";"X0.123";"X0.124";"X0.125";"X0.126";"X0.127";"X0.128";"X0.129";"X0.130";"X0.131";"X0.132";"X0.133";"X0.134";"X0.135";"X0.136";"X0.137";"X0.138";"X0.139";"X0.140";"X0.141";"X0.142";"X0.143";"X0.144";"X0.145";"X0.146";"X0.147";"X0.148";"X0.149";"X0.150";"X0.151";"X0.152";"X0.153";"X0.154";"X0.155";"X0.156";"X0.157";"X0.158";"X0.159";"X0.160";"X0.161";"X0.162";"X0.163";"X0.164";"X0.165";"X0.166";"X0.167";"X0.168";"X0.169";"X0.170";"X0.171";"X0.172";"X0.173";"X0.174";"X0.175";"X0.176";"X1384";"X0.177";"X0.178";"X0.179";"X0.180";"X0.181";"X0.182";"X0.183";"X0.184";"X0.185";"X0.186";"X0.187";"X0.188";"X0.189";"X0.190";"X0.191";"X0.192";"X38";"X0.193";"X0.194";"X0.195";"X0.196";"X0.197";"X0.198";"X0.199";"X0.200";"X0.201";"X0.202";"X0.203";"X0.204";"X0.205";"X0.206";"X0.207";"X259";"X0.208";"X0.209";"X0.210";"X0.211";"X0.212";"X0.213";"X0.214";"X0.215";"X0.216";"X0.217";"X0.218";"X0.219";"X0.220";"X0.221";"X0.222";"X0.223";"X0.224";"X0.225";"X0.226";"X0.227";"X0.228";"X0.229";"X0.230";"X414";"X0.231";"X0.232";"X0.233";"X149";"X0.234";"X0.235";"X0.236";"X0.237";"X0.238";"X0.239";"X0.240";"X0.241";"X0.242";"X0.243";"X0.244";"X0.245";"X0.246";"X0.247";"X0.248";"X0.249";"X0.250";"X0.251";"X0.252";"X0.253";"X0.254";"X0.255";"X0.256";"X0.257";"X0.258";"X1489";"X246";"X0.259";"X0.260";"X0.261";"X0.262";"X0.263";"X0.264";"X0.265";"X0.266";"X0.267";"X0.268";"X631";"X0.269";"X0.270";"X0.271";"X0.272";"X0.273";"X0.274";"X0.275";"X0.276";"X0.277";"X0.278";"X0.279";"X0.280";"X0.281";"X0.282";"X0.283";"X0.284";"X0.285";"X0.286";"X0.287";"X0.288";"X0.289";"X0.290";"X0.291";"X0.292";"X0.293";"X0.294";"X0.295";"X0.296";"X0.297";"X0.298";"X0.299";"X0.300";"X0.301";"X0.302";"X0.303";"X0.304";"X0.305";"X0.306";"X0.307";"X0.308";"X0.309";"X0.310";"X0.311";"X0.312";"X0.313";"X0.314";"X0.315";"X0.316";"X0.317";"X0.318";"X0.319";"X0.320";"X0.321";"X0.322";"X0.323";"X688";"X0.324";"X0.325";"X0.326";"X0.327";"X0.328";"X0.329";"X0.330";"X0.331";"X0.332";"X0.333";"X0.334";"X650";"X0.335";"X0.336";"X0.337";"X0.338";"X0.339";"X0.340";"X0.341";"X387";"X0.342";"X0.343";"X0.344";"X0.345";"X0.346";"X0.347";"X0.348";"X590";"X0.349";"X0.350";"X0.351";"X0.352";"X0.353";"X0.354";"X0.355";"X0.356";"X0.357";"X0.358";"X0.359";"X0.360";"X0.361";"X0.362";"X0.363";"X0.364";"X0.365";"X0.366";"X0.367";"X0.368";"X0.369";"X0.370";"X0.371";"X0.372";"X0.373";"X0.374";"X0.375";"X0.376";"X0.377";"X0.378";"X0.379";"X0.380";"X0.381";"X0.382";"X0.383";"X0.384";"X0.385";"X0.386";"X0.387";"X0.388";"X0.389";"X0.390";"X0.391";"X0.392";"X169";"X0.393";"X0.394";"X0.395";"X0.396";"X705";"X0.397";"X0.398";"X0.399";"X0.400";"X0.401";"X0.402";"X0.403";"X0.404";"X0.405";"X0.406";"X0.407";"X0.408";"X0.409";"X0.410";"X0.411";"X0.412";"X0.413";"X0.414";"X0.415";"X0.416";"X0.417";"X0.418";"X0.419";"X0.420";"X0.421";"X0.422";"X0.423";"X0.424";"X0.425";"X0.426";"X0.427";"X601";"X0.428";"X0.429";"X0.430";"X0.431";"X0.432";"X0.433";"X0.434";"X0.435";"X0.436";"X0.437";"X0.438";"X1040";"X0.439";"X0.440";"X0.441";"X0.442";"X0.443";"X0.444";"X0.445";"X0.446";"X0.447";"X0.448";"X0.449";"X0.450";"X0.451";"X0.452";"X0.453";"X0.454";"X0.455";"X0.456";"X0.457";"X0.458";"X0.459";"X0.460";"X0.461";"X0.462";"X0.463";"X0.464";"X0.465";"X0.466";"X0.467";"X0.468";"X314";"X0.469";"X0.470";"X0.471";"X0.472";"X0.473";"X0.474";"X0.475";"X0.476";"X0.477";"X993";"X0.478";"X0.479";"X0.480";"X0.481";"X0.482";"X0.483";"X0.484";"X0.485";"X0.486";"X0.487";"X0.488";"X810";"X0.489";"X1709";"X0.490";"X0.491";"X0.492";"X0.493";"X0.494";"X0.495";"X0.496";"X0.497";"X0.498";"X0.499";"X0.500";"X0.501";"X236";"X0.502";"X0.503";"X0.504";"X0.505";"X0.506";"X0.507";"X0.508";"X0.509";"X0.510";"X0.511";"X0.512";"X0.513";"X0.514";"X0.515";"X0.516";"X0.517";"X0.518";"X0.519";"X0.520";"X0.521";"X0.522";"X0.523";"X0.524";"X0.525";"X0.526";"X0.527";"X0.528";"X0.529";"X0.530";"X0.531";"X0.532";"X0.533";"X0.534";"X405";"X887";"X0.535";"X0.536";"X0.537";"X0.538";"X0.539";"X0.540";"X0.541";"X0.542";"X0.543";"X0.544";"X0.545";"X0.546";"X0.547";"X0.548";"X0.549";"X0.550";"X0.551";"X0.552";"X0.553";"X0.554";"X0.555";"X0.556";"X0.557";"X0.558";"X156";"X568";"X0.559";"X0.560";"X0.561";"X0.562";"X0.563";"X0.564";"X0.565";"X0.566";"X0.567";"X0.568";"X0.569";"X0.570";"X0.571";"X0.572";"X0.573";"X0.574";"X0.575";"X0.576";"X0.577";"X0.578";"X0.579";"X0.580";"X0.581";"X0.582";"X0.583";"X0.584";"X0.585";"X0.586";"X0.587";"X0.588";"X0.589";"X0.590";"X0.591";"X0.592";"X0.593";"X0.594";"X0.595";"X0.596";"X0.597";"X0.598";"X0.599";"X0.600";"X0.601";"X0.602";"X0.603";"X0.604";"X0.605";"X0.606";"X0.607";"X0.608";"X0.609";"X0.610";"X0.611";"X447";"X0.612";"X0.613";"X0.614";"X0.615";"X0.616";"X0.617";"X0.618";"X1361";"X0.619";"X0.620";"X0.621";"X0.622";"X0.623";"X0.624";"X0.625";"X0.626";"X0.627";"X0.628";"X0.629";"X0.630";"X0.631";"X0.632";"X0.633";"X0.634";"X0.635";"X0.636";"X0.637";"X0.638";"X0.639";"X0.640";"X0.641";"X0.642";"X0.643";"X0.644";"X0.645";"X0.646";"X0.647";"X0.648";"X0.649";"X0.650";"X0.651";"X0.652";"X0.653";"X0.654";"X0.655";"X0.656";"X0.657";"X0.658";"X0.659";"X469";"X0.660";"X0.661";"X0.662";"X0.663";"X0.664";"X0.665";"X0.666";"X0.667";"X0.668";"X0.669";"X0.670";"X0.671";"X0.672";"X0.673";"X0.674";"X0.675";"X0.676";"X0.677";"X0.678";"X0.679";"X0.680";"X0.681";"X0.682";"X0.683";"X0.684";"X0.685";"X0.686";"X0.687";"X0.688";"X0.689";"X0.690";"X0.691";"X0.692";"X0.693";"X0.694";"X0.695";"X0.696";"X0.697";"X0.698";"X0.699";"X0.700";"X0.701";"X0.702";"X0.703";"X0.704";"X0.705";"X0.706";"X0.707";"X0.708";"X0.709";"X0.710";"X0.711";"X0.712";"X0.713";"X0.714";"X0.715";"X0.716";"X0.717";"X0.718";"X0.719";"X0.720";"X0.721";"X0.722";"X0.723";"X189";"X0.724";"X0.725";"X0.726";"X0.727";"X0.728";"X0.729";"X0.730";"X0.731";"X0.732";"X0.733";"X0.734";"X0.735";"X0.736";"X0.737";"X0.738";"X0.739";"X0.740";"X0.741";"X0.742";"X0.743";"X0.744";"X0.745";"X0.746";"X0.747";"X0.748";"X0.749";"X0.750";"X0.751";"X0.752";"X0.753";"X178";"X0.754";"X0.755";"X0.756";"X0.757";"X0.758";"X0.759";"X0.760";"X0.761";"X0.762";"X0.763";"X0.764";"X0.765";"X0.766";"X0.767";"X0.768";"X0.769";"X0.770";"X0.771";"X0.772";"X0.773";"X0.774";"X0.775";"X0.776";"X0.777";"X0.778";"X0.779";"X0.780";"X0.781";"X0.782";"X0.783";"X0.784";"X0.785";"X0.786";"X0.787";"X0.788";"X0.789";"X0.790";"X0.791";"X0.792";"X0.793";"X0.794";"X0.795";"X0.796";"X0.797";"X1550";"X0.798";"X0.799";"X0.800";"X0.801";"X0.802";"X0.803";"X0.804";"X0.805";"X0.806";"X0.807";"X0.808";"X0.809";"X0.810";"X0.811";"X0.812";"X0.813";"X0.814";"X0.815";"X0.816";"X0.817";"X0.818";"X0.819";"X0.820";"X0.821";"X0.822";"X0.823";"X0.824";"X0.825";"X0.826";"X0.827";"X0.828";"X0.829";"X0.830";"X0.831";"X0.832";"X0.833";"X0.834";"X0.835";"X13";"X0.836";"X0.837";"X0.838";"X125";"X0.839";"X0.840";"X0.841";"X0.842";"X0.843";"X0.844";"X206";"X0.845";"X0.846";"X66";"X0.847";"X0.848";"X0.849";"X0.850";"X0.851";"X0.852";"X0.853";"X0.854";"X0.855";"X0.856";"X0.857";"X0.858";"X0.859";"X0.860";"X0.861";"X0.862";"X0.863";"X0.864";"X0.865";"X0.866";"X0.867";"X0.868";"X0.869";"X0.870";"X480";"X0.871";"X0.872";"X0.873";"X0.874";"X0.875";"X0.876";"X0.877";"X0.878";"X0.879";"X0.880";"X0.881";"X0.882";"X0.883";"X0.884";"X0.885";"X517";"X0.886";"X0.887";"X0.888";"X0.889";"X0.890";"X0.891";"X0.892";"X0.893";"X0.894";"X0.895";"X0.896";"X0.897";"X0.898";"X0.899";"X0.900";"X0.901";"X0.902";"X0.903";"X0.904";"X0.905";"X0.906";"X0.907";"X0.908";"X0.909";"X0.910";"X0.911";"X0.912";"X0.913";"X0.914";"X0.915";"X0.916";"X0.917";"X0.918";"X0.919";"X0.920";"X0.921";"X0.922";"X0.923";"X0.924";"X0.925";"X0.926";"X0.927";"X0.928";"X0.929";"X0.930";"X0.931";"X0.932";"X0.933";"X0.934";"X0.935";"X0.936";"X0.937";"X0.938";"X0.939";"X0.940";"X0.941";"X0.942";"X0.943";"X0.944";"X0.945";"X0.946";"X0.947";"X0.948";"X0.949";"X0.950";"X0.951";"X0.952";"X0.953";"X0.954";"X0.955";"X0.956";"X0.957";"X0.958";"X0.959";"X0.960";"X0.961";"X0.962";"X0.963";"X0.964";"X0.965";"X0.966";"X0.967";"X0.968";"X0.969";"X0.970";"X0.971";"X0.972";"X0.973";"X0.974";"X0.975";"X0.976";"X0.977";"X0.978";"X0.979";"X0.980";"X0.981";"X0.982";"X0.983";"X0.984";"X0.985";"X0.986";"X447.1";"X0.987";"X0.988";"X0.989";"X0.990";"X0.991";"X0.992";"X0.993";"X1708";"X0.994";"X0.995";"X0.996";"X0.997";"X0.998";"X0.999";"X0.1000";"X0.1001";"X0.1002";"X0.1003";"X0.1004";"X0.1005";"X0.1006";"X0.1007";"X0.1008";"X0.1009";"X0.1010";"X0.1011";"X0.1012";"X0.1013";"X0.1014";"X0.1015";"X0.1016";"X0.1017";"X0.1018";"X0.1019";"X0.1020";"X0.1021";"X0.1022";"X0.1023";"X0.1024";"X0.1025";"X0.1026";"X0.1027";"X0.1028";"X51";"X0.1029";"X0.1030";"X0.1031";"X0.1032";"X0.1033";"X694";"X0.1034";"X0.1035";"X0.1036";"X0.1037";"X0.1038";"X175";"X0.1039";"X0.1040";"X0.1041";"X0.1042";"X0.1043";"X0.1044";"X0.1045";"X0.1046";"X0.1047";"X0.1048";"X0.1049";"X0.1050";"X0.1051";"X0.1052";"X0.1053";"X0.1054";"X0.1055";"X0.1056";"X0.1057";"X0.1058";"X0.1059";"X0.1060";"X0.1061";"X0.1062";"X0.1063";"X0.1064";"X0.1065";"X338";"X0.1066";"X0.1067";"X0.1068";"X0.1069";"X0.1070";"X0.1071";"X0.1072";"X0.1073";"X0.1074";"X0.1075";"X0.1076";"X0.1077";"X0.1078";"X0.1079";"X0.1080";"X0.1081";"X0.1082";"X0.1083";"X0.1084";"X0.1085";"X0.1086";"X0.1087";"X0.1088";"X0.1089";"X0.1090";"X0.1091";"X0.1092";"X0.1093";"X0.1094";"X0.1095";"X0.1096";"X0.1097";"X0.1098";"X0.1099";"X0.1100";"X0.1101";"X0.1102";"X0.1103";"X0.1104";"X0.1105";"X0.1106";"X0.1107";"X0.1108";"X0.1109";"X0.1110";"X0.1111";"X0.1112";"X1219";"X0.1113";"X0.1114";"X0.1115";"X0.1116";"X0.1117";"X0.1118";"X0.1119";"X0.1120";"X0.1121";"X0.1122";"X0.1123";"X0.1124";"X0.1125";"X0.1126";"X0.1127";"X274";"X0.1128";"X0.1129";"X0.1130";"X0.1131";"X0.1132";"X0.1133";"X0.1134";"X0.1135";"X0.1136";"X0.1137";"X0.1138";"X0.1139";"X0.1140";"X0.1141";"X0.1142";"X0.1143";"X514";"X0.1144";"X0.1145";"X0.1146";"X0.1147";"X0.1148";"X0.1149";"X0.1150";"X0.1151";"X0.1152";"X0.1153";"X0.1154";"X0.1155";"X0.1156";"X0.1157";"X0.1158";"X0.1159";"X0.1160";"X0.1161";"X0.1162";"X0.1163";"X0.1164";"X0.1165";"X0.1166";"X0.1167";"X0.1168";"X0.1169";"X0.1170";"X0.1171";"X0.1172";"X2700";"X0.1173";"X0.1174";"X0.1175";"X0.1176";"X0.1177";"X0.1178";"X0.1179";"X0.1180";"X0.1181";"X0.1182";"X0.1183";"X539";"X0.1184";"X0.1185";"X0.1186";"X0.1187";"X0.1188";"X0.1189";"X0.1190";"X0.1191";"X0.1192";"X0.1193";"X0.1194";"X0.1195";"X0.1196";"X0.1197";"X0.1198";"X0.1199";"X0.1200";"X0.1201";"X0.1202";"X0.1203";"X0.1204";"X0.1205";"X0.1206";"X0.1207";"X0.1208";"X0.1209";"X0.1210";"X0.1211";"X0.1212";"X0.1213";"X0.1214";"X0.1215";"X0.1216";"X0.1217";"X0.1218";"X0.1219";"X0.1220";"X0.1221";"X0.1222";"X0.1223";"X0.1224";"X0.1225";"X0.1226";"X0.1227";"X0.1228";"X0.1229";"X0.1230";"X0.1231";"X0.1232";"X0.1233";"X0.1234";"X0.1235";"X0.1236";"X0.1237";"X0.1238";"X0.1239";"X0.1240";"X0.1241";"X0.1242";"X0.1243";"X0.1244";"X0.1245";"X0.1246";"X0.1247";"X0.1248";"X0.1249";"X0.1250";"X0.1251";"X1231";"X0.1252";"X0.1253";"X0.1254";"X0.1255";"X0.1256";"X0.1257";"X0.1258";"X0.1259";"X0.1260";"X0.1261";"X0.1262";"X0.1263";"X0.1264";"X0.1265";"X0.1266";"X0.1267";"X0.1268";"X0.1269";"X0.1270";"X0.1271";"X0.1272";"X0.1273";"X0.1274";"X0.1275";"X0.1276";"X0.1277";"X0.1278";"X0.1279";"X0.1280";"X0.1281";"X0.1282";"X0.1283";"X205";"X0.1284";"X0.1285";"X397";"X0.1286";"X0.1287";"X0.1288";"X0.1289";"X0.1290";"X0.1291";"X0.1292";"X0.1293";"X0.1294";"X0.1295";"X495";"X0.1296";"X0.1297";"X0.1298";"X0.1299";"X0.1300";"X0.1301";"X458";"X0.1302";"X0.1303";"X0.1304";"X0.1305";"X0.1306";"X0.1307";"X0.1308";"X0.1309";"X0.1310";"X0.1311";"X0.1312";"X0.1313";"X0.1314";"X0.1315";"X0.1316";"X0.1317";"X0.1318";"X793";"X0.1319";"X0.1320";"X0.1321";"X0.1322";"X0.1323";"X0.1324";"X0.1325";"X0.1326";"X0.1327";"X0.1328";"X0.1329";"X0.1330";"X0.1331";"X0.1332";"X110";"X0.1333";"X0.1334";"X0.1335";"X0.1336";"X0.1337";"X0.1338";"X0.1339";"X317";"X0.1340";"X0.1341";"X0.1342";"X0.1343";"X0.1344";"X0.1345";"X0.1346";"X0.1347";"X0.1348";"X0.1349";"X0.1350";"X0.1351";"X0.1352";"X0.1353";"X0.1354";"X0.1355";"X0.1356";"X0.1357";"X0.1358";"X0.1359";"X0.1360";"X0.1361";"X0.1362";"X0.1363";"X0.1364";"X0.1365";"X0.1366";"X0.1367";"X0.1368";"X0.1369";"X0.1370";"X0.1371";"X0.1372";"X1935";"X0.1373";"X0.1374";"X0.1375";"X0.1376";"X0.1377";"X0.1378";"X0.1379";"X901";"X0.1380";"X0.1381";"X0.1382";"X0.1383";"X0.1384";"X0.1385";"X0.1386";"X0.1387";"X0.1388";"X0.1389";"X0.1390";"X85";"X0.1391";"X0.1392";"X0.1393";"X0.1394";"X0.1395";"X0.1396";"X125.1";"X0.1397";"X0.1398";"X0.1399";"X0.1400";"X0.1401";"X0.1402";"X0.1403";"X0.1404";"X0.1405";"X0.1406";"X0.1407";"X0.1408";"X0.1409";"X0.1410";"X0.1411";"X0.1412";"X0.1413";"X0.1414";"X0.1415";"X0.1416";"X0.1417";"X0.1418";"X0.1419";"X0.1420";"X0.1421";"X0.1422";"X0.1423";"X0.1424";"X0.1425";"X0.1426";"X0.1427";"X0.1428";"X0.1429";"X0.1430";"X0.1431";"X0.1432";"X0.1433";"X0.1434";"X0.1435";"X0.1436";"X0.1437";"X0.1438";"X0.1439";"X0.1440";"X0.1441";"X0.1442";"X0.1443";"X0.1444";"X0.1445";"X0.1446";"X0.1447";"X0.1448";"X0.1449";"X0.1450";"X362";"X0.1451";"X0.1452";"X0.1453";"X0.1454";"X0.1455";"X0.1456";"X0.1457";"X0.1458";"X0.1459";"X0.1460";"X0.1461";"X365";"X0.1462";"X0.1463";"X0.1464";"X0.1465";"X0.1466";"X0.1467";"X0.1468";"X0.1469";"X31";"X0.1470";"X0.1471";"X0.1472";"X0.1473";"X0.1474";"X23";"X0.1475";"X0.1476";"X0.1477";"X0.1478";"X0.1479";"X0.1480";"X0.1481";"X0.1482";"X0.1483";"X0.1484";"X0.1485";"X0.1486";"X0.1487";"X0.1488";"X0.1489";"X0.1490";"X0.1491";"X0.1492";"X0.1493";"X0.1494";"X0.1495";"X0.1496";"X0.1497";"X287";"X0.1498";"X777";"X0.1499";"X0.1500";"X0.1501";"X0.1502";"X0.1503";"X0.1504";"X0.1505";"X0.1506";"X0.1507";"X0.1508";"X0.1509";"X0.1510";"X0.1511";"X0.1512";"X0.1513";"X0.1514";"X0.1515";"X0.1516";"X0.1517";"X0.1518";"X0.1519";"X0.1520";"X0.1521";"X0.1522";"X0.1523";"X0.1524";"X0.1525";"X0.1526";"X0.1527";"X0.1528";"X0.1529";"X0.1530";"X0.1531";"X0.1532";"X13.1";"X0.1533";"X0.1534";"X0.1535";"X0.1536";"X0.1537";"X0.1538";"X0.1539";"X0.1540";"X0.1541";"X0.1542";"X0.1543";"X0.1544";"X0.1545";"X0.1546";"X0.1547";"X0.1548";"X0.1549";"X0.1550";"X0.1551";"X0.1552";"X0.1553";"X0.1554";"X0.1555";"X0.1556";"X0.1557";"X0.1558";"X0.1559";"X0.1560";"X0.1561";"X0.1562";"X0.1563";"X0.1564";"X0.1565";"X0.1566";"X0.1567";"X0.1568";"X0.1569";"X0.1570";"X0.1571";"X0.1572";"X0.1573";"X0.1574";"X0.1575";"X0.1576";"X0.1577";"X0.1578";"X0.1579";"X0.1580";"X0.1581";"X0.1582";"X0.1583";"X0.1584";"X0.1585";"X0.1586";"X0.1587";"X0.1588";"X0.1589";"X0.1590";"X0.1591";"X0.1592";"X0.1593";"X0.1594";"X0.1595";"X0.1596";"X0.1597";"X0.1598";"X0.1599";"X0.1600";"X0.1601";"X0.1602";"X0.1603";"X0.1604";"X0.1605";"X0.1606";"X0.1607";"X1099";"X0.1608";"X0.1609";"X0.1610";"X0.1611";"X0.1612";"X0.1613";"X0.1614";"X0.1615";"X0.1616";"X0.1617";"X0.1618";"X0.1619";"X0.1620";"X0.1621";"X0.1622";"X0.1623";"X0.1624";"X0.1625";"X0.1626";"X1418";"X0.1627";"X0.1628";"X0.1629";"X0.1630";"X0.1631";"X0.1632";"X0.1633";"X0.1634";"X0.1635";"X0.1636";"X0.1637";"X0.1638";"X0.1639";"X0.1640";"X0.1641";"X0.1642";"X0.1643";"X0.1644";"X0.1645";"X0.1646";"X0.1647";"X0.1648";"X0.1649";"X0.1650";"X0.1651";"X0.1652";"X0.1653";"X0.1654";"X0.1655";"X0.1656";"X0.1657";"X0.1658";"X0.1659";"X0.1660";"X0.1661";"X0.1662";"X0.1663";"X0.1664";"X0.1665";"X0.1666";"X0.1667";"X56";"X0.1668";"X0.1669";"X0.1670";"X0.1671";"X0.1672";"X0.1673";"X0.1674";"X0.1675";"X0.1676";"X0.1677";"X0.1678";"X0.1679";"X0.1680";"X0.1681";"X0.1682";"X0.1683";"X0.1684";"X0.1685";"X0.1686";"X0.1687";"X0.1688";"X0.1689";"X0.1690";"X0.1691";"X0.1692";"X0.1693";"X0.1694";"X0.1695";"X0.1696";"X0.1697";"X0.1698";"X0.1699";"X0.1700";"X0.1701";"X602";"X0.1702";"X0.1703";"X0.1704";"X0.1705";"X0.1706";"X0.1707";"X0.1708";"X0.1709";"X0.1710";"X0.1711";"X0.1712";"X0.1713";"X0.1714";"X0.1715";"X1100";"X0.1716";"X460";"X0.1717";"X0.1718";"X0.1719";"X27";"X0.1720";"X0.1721";"X0.1722";"X0.1723";"X0.1724";"X0.1725";"X0.1726";"X0.1727";"X0.1728";"X0.1729";"X0.1730";"X0.1731";"X437";"X0.1732";"X0.1733";"X0.1734";"X0.1735";"X0.1736";"X0.1737";"X0.1738";"X0.1739";"X0.1740";"X0.1741";"X0.1742";"X0.1743";"X0.1744";"X0.1745";"X0.1746";"X0.1747";"X0.1748";"X0.1749";"X0.1750";"X0.1751";"X0.1752";"X0.1753";"X0.1754";"X0.1755";"X0.1756";"X0.1757";"X0.1758";"X0.1759";"X0.1760";"X0.1761";"X0.1762";"X0.1763";"X134";"X0.1764";"X0.1765";"X0.1766";"X0.1767";"X0.1768";"X0.1769";"X0.1770";"X0.1771";"X0.1772";"X0.1773";"X361";"X0.1774";"X0.1775";"X1019";"X0.1776";"X0.1777";"X0.1778";"X0.1779";"X0.1780";"X0.1781";"X0.1782";"X0.1783";"X0.1784";"X0.1785";"X0.1786";"X0.1787";"X0.1788";"X0.1789";"X0.1790";"X0.1791";"X0.1792";"X0.1793";"X0.1794";"X0.1795";"X0.1796";"X0.1797";"X0.1798";"X0.1799";"X0.1800";"X0.1801";"X0.1802";"X0.1803";"X0.1804";"X1832";"X0.1805";"X0.1806";"X0.1807";"X512";"X0.1808";"X0.1809";"X0.1810";"X0.1811";"X0.1812";"X0.1813";"X0.1814";"X0.1815";"X0.1816";"X0.1817";"X0.1818";"X0.1819";"X0.1820";"X0.1821";"X0.1822";"X0.1823";"X0.1824";"X0.1825";"X0.1826";"X0.1827";"X0.1828";"X0.1829";"X0.1830";"X0.1831";"X0.1832";"X2002";"X0.1833";"X0.1834";"X0.1835";"X618";"X0.1836";"X157";"X0.1837";"X0.1838";"X0.1839";"X0.1840";"X0.1841";"X0.1842";"X0.1843";"X0.1844";"X0.1845";"X0.1846";"X0.1847";"X0.1848";"X0.1849";"X0.1850";"X0.1851";"X0.1852";"X0.1853";"X0.1854";"X0.1855";"X0.1856";"X0.1857";"X0.1858";"X0.1859";"X0.1860";"X0.1861";"X0.1862";"X0.1863";"X0.1864";"X0.1865";"X0.1866";"X0.1867";"X0.1868";"X0.1869";"X0.1870";"X0.1871";"X0.1872";"X0.1873";"X0.1874";"X0.1875";"X0.1876";"X0.1877";"X0.1878";"X0.1879";"X0.1880";"X0.1881";"X0.1882";"X0.1883";"X158";"X0.1884";"X0.1885";"X0.1886";"X0.1887";"X0.1888";"X0.1889";"X0.1890";"X0.1891";"X0.1892";"X0.1893";"X0.1894";"X0.1895";"X0.1896";"X0.1897";"X0.1898";"X0.1899";"X0.1900";"X0.1901";"X0.1902";"X0.1903";"X0.1904";"X0.1905";"X0.1906";"X0.1907";"X630";"X0.1908";"X0.1909";"X0.1910";"X202";"X0.1911";"X0.1912";"X0.1913";"X0.1914";"X0.1915";"X0.1916";"X0.1917";"X0.1918";"X0.1919";"X0.1920";"X0.1921";"X0.1922";"X0.1923";"X0.1924";"X0.1925";"X0.1926";"X0.1927";"X0.1928";"X0.1929";"X0.1930";"X0.1931";"X0.1932";"X0.1933";"X0.1934";"X0.1935";"X0.1936";"X0.1937";"X0.1938";"X0.1939";"X0.1940";"X0.1941";"X406";"X0.1942";"X0.1943";"X0.1944";"X0.1945";"X0.1946";"X0.1947";"X0.1948";"X0.1949";"X0.1950";"X0.1951";"X0.1952";"X566";"X0.1953";"X0.1954";"X0.1955";"X0.1956";"X0.1957";"X0.1958";"X655";"X0.1959";"X0.1960";"X0.1961";"X0.1962";"X0.1963";"X0.1964";"X0.1965";"X0.1966";"X0.1967";"X0.1968";"X0.1969";"X0.1970";"X0.1971";"X0.1972";"X0.1973";"X0.1974";"X0.1975";"X0.1976";"X0.1977";"X0.1978";"X0.1979";"X0.1980";"X0.1981";"X0.1982";"X0.1983";"X0.1984";"X0.1985";"X0.1986";"X0.1987";"X0.1988";"X0.1989";"X0.1990";"X0.1991";"X0.1992";"X7";"X0.1993";"X0.1994";"X0.1995";"X0.1996";"X0.1997";"X0.1998";"X0.1999";"X0.2000";"X0.2001";"X0.2002";"X0.2003";"X0.2004";"X0.2005";"X0.2006";"X823";"X0.2007";"X0.2008";"X0.2009";"X0.2010";"X0.2011";"X0.2012";"X0.2013";"X0.2014";"X0.2015";"X0.2016";"X0.2017";"X0.2018";"X0.2019";"X0.2020";"X0.2021";"X0.2022";"X0.2023";"X66.1";"X0.2024";"X0.2025";"X0.2026";"X0.2027";"X0.2028";"X0.2029";"X0.2030";"X0.2031";"X0.2032";"X0.2033";"X0.2034";"X686";"X0.2035";"X0.2036";"X0.2037";"X0.2038";"X0.2039";"X0.2040";"X0.2041";"X0.2042";"X0.2043";"X0.2044";"X0.2045";"X0.2046";"X0.2047";"X0.2048";"X0.2049";"X0.2050";"X0.2051";"X0.2052";"X0.2053";"X0.2054";"X0.2055";"X0.2056";"X0.2057";"X0.2058";"X0.2059";"X0.2060";"X0.2061";"X0.2062";"X0.2063";"X209";"X0.2064";"X0.2065";"X0.2066";"X0.2067";"X0.2068";"X0.2069";"X0.2070";"X0.2071";"X213";"X0.2072";"X0.2073";"X0.2074";"X0.2075";"X0.2076";"X0.2077";"X0.2078";"X0.2079";"X0.2080";"X0.2081";"X0.2082";"X0.2083";"X0.2084";"X0.2085";"X0.2086";"X0.2087";"X0.2088";"X0.2089";"X0.2090";"X0.2091";"X0.2092";"X0.2093";"X0.2094";"X0.2095";"X0.2096";"X0.2097";"X572";"X0.2098";"X0.2099";"X0.2100";"X0.2101";"X0.2102";"X0.2103";"X0.2104";"X0.2105";"X0.2106";"X0.2107";"X0.2108";"X0.2109";"X0.2110";"X0.2111";"X0.2112";"X0.2113";"X190";"X0.2114";"X0.2115";"X0.2116";"X0.2117";"X0.2118";"X0.2119";"X0.2120";"X0.2121";"X0.2122";"X0.2123";"X0.2124";"X0.2125";"X0.2126";"X0.2127";"X0.2128";"X0.2129";"X0.2130";"X0.2131";"X0.2132";"X0.2133";"X0.2134";"X0.2135";"X0.2136";"X0.2137";"X0.2138";"X0.2139";"X0.2140";"X0.2141";"X0.2142";"X0.2143";"X0.2144";"X0.2145";"X0.2146";"X0.2147";"X0.2148";"X0.2149";"X0.2150";"X0.2151";"X0.2152";"X0.2153";"X0.2154";"X0.2155";"X0.2156";"X0.2157";"X0.2158";"X0.2159";"X0.2160";"X0.2161";"X0.2162";"X0.2163";"X0.2164";"X0.2165";"X0.2166";"X0.2167";"X0.2168";"X0.2169";"X0.2170";"X0.2171";"X0.2172";"X0.2173";"X0.2174";"X0.2175";"X0.2176";"X0.2177";"X0.2178";"X1532";"X0.2179";"X0.2180";"X0.2181";"X0.2182";"X0.2183";"X0.2184";"X0.2185";"X0.2186";"X0.2187";"X0.2188";"X0.2189";"X0.2190";"X0.2191";"X0.2192";"X0.2193";"X0.2194";"X0.2195";"X0.2196";"X0.2197";"X0.2198";"X0.2199";"X0.2200";"X0.2201";"X0.2202";"X0.2203";"X0.2204";"X0.2205";"X0.2206";"X0.2207";"X0.2208";"X0.2209";"X0.2210";"X0.2211";"X0.2212";"X0.2213";"X0.2214";"X243";"X0.2215";"X0.2216";"X84";"X340";"X0.2217";"X0.2218";"X0.2219";"X0.2220";"X0.2221";"X0.2222";"X0.2223";"X0.2224";"X0.2225";"X0.2226";"X0.2227";"X0.2228";"X604";"X0.2229";"X0.2230";"X571";"X0.2231";"X0.2232";"X0.2233";"X0.2234";"X0.2235";"X0.2236";"X0.2237";"X0.2238";"X0.2239";"X0.2240";"X0.2241";"X0.2242";"X0.2243";"X0.2244";"X384";"X0.2245";"X0.2246";"X0.2247";"X0.2248";"X0.2249";"X0.2250";"X0.2251";"X0.2252";"X0.2253";"X0.2254";"X0.2255";"X0.2256";"X0.2257";"X0.2258";"X0.2259";"X0.2260";"X0.2261";"X0.2262";"X0.2263";"X0.2264";"X0.2265";"X0.2266";"X0.2267";"X0.2268";"X0.2269";"X0.2270";"X0.2271";"X0.2272";"X0.2273";"X0.2274";"X0.2275";"X0.2276";"X0.2277";"X0.2278";"X0.2279";"X0.2280";"X0.2281";"X0.2282";"X0.2283";"X0.2284";"X0.2285";"X0.2286";"X0.2287";"X539.1";"X0.2288";"X0.2289";"X0.2290";"X0.2291";"X0.2292";"X0.2293";"X0.2294";"X0.2295";"X0.2296";"X0.2297";"X0.2298";"X0.2299";"X0.2300";"X0.2301";"X0.2302";"X0.2303";"X0.2304";"X0.2305";"X0.2306";"X84.1";"X0.2307";"X0.2308";"X0.2309";"X0.2310";"X0.2311";"X0.2312";"X0.2313";"X0.2314";"X0.2315";"X0.2316";"X0.2317";"X0.2318";"X0.2319";"X0.2320";"X1141";"X0.2321";"X0.2322";"X0.2323";"X120";"X0.2324";"X0.2325";"X870";"X0.2326";"X733";"X0.2327";"X0.2328";"X0.2329";"X0.2330";"X0.2331";"X0.2332";"X7.1";"X0.2333";"X0.2334";"X0.2335";"X0.2336";"X0.2337";"X0.2338";"X0.2339";"X0.2340";"X0.2341";"X0.2342";"X0.2343";"X0.2344";"X0.2345";"X0.2346";"X0.2347";"X0.2348";"X0.2349";"X0.2350";"X0.2351";"X0.2352";"X0.2353";"X941";"X0.2354";"X0.2355";"X0.2356";"X0.2357";"X0.2358";"X0.2359";"X0.2360";"X0.2361";"X0.2362";"X0.2363";"X0.2364";"X0.2365";"X0.2366";"X0.2367";"X0.2368";"X0.2369";"X0.2370";"X0.2371";"X0.2372";"X0.2373";"X0.2374";"X0.2375";"X0.2376";"X0.2377";"X0.2378";"X0.2379";"X0.2380";"X0.2381";"X0.2382";"X0.2383";"X0.2384";"X0.2385";"X0.2386";"X0.2387";"X0.2388";"X0.2389";"X0.2390";"X0.2391";"X0.2392";"X0.2393";"X0.2394";"X0.2395";"X0.2396";"X0.2397";"X0.2398";"X0.2399";"X0.2400";"X0.2401";"X0.2402";"X0.2403";"X0.2404";"X0.2405";"X0.2406";"X0.2407";"X94";"X0.2408";"X0.2409";"X0.2410";"X0.2411";"X0.2412";"X0.2413";"X0.2414";"X0.2415";"X0.2416";"X0.2417";"X0.2418";"X0.2419";"X0.2420";"X0.2421";"X0.2422";"X0.2423";"X0.2424";"X0.2425";"X0.2426";"X0.2427";"X0.2428";"X0.2429";"X0.2430";"X0.2431";"X0.2432";"X0.2433";"X0.2434";"X0.2435";"X0.2436";"X0.2437";"X0.2438";"X0.2439";"X0.2440";"X0.2441";"X0.2442";"X0.2443";"X0.2444";"X0.2445";"X0.2446";"X0.2447";"X0.2448";"X843";"X0.2449";"X0.2450";"X0.2451";"X0.2452";"X0.2453";"X0.2454";"X0.2455";"X0.2456";"X0.2457";"X0.2458";"X1329";"X0.2459";"X0.2460";"X0.2461";"X0.2462";"X0.2463";"X0.2464";"X0.2465";"X0.2466";"X0.2467";"X0.2468";"X0.2469";"X0.2470";"X0.2471";"X0.2472";"X0.2473";"X0.2474";"X0.2475";"X0.2476";"X0.2477";"X0.2478";"X0.2479";"X0.2480";"X0.2481";"X0.2482";"X0.2483";"X0.2484";"X0.2485";"X0.2486";"X0.2487";"X0.2488";"X0.2489";"X0.2490";"X0.2491";"X0.2492";"X0.2493";"X0.2494";"X0.2495";"X0.2496";"X0.2497";"X0.2498";"X0.2499";"X0.2500";"X0.2501";"X0.2502";"X0.2503";"X0.2504";"X391";"X0.2505";"X0.2506";"X0.2507";"X0.2508";"X0.2509";"X0.2510";"X0.2511";"X0.2512";"X0.2513";"X0.2514";"X0.2515";"X0.2516";"X0.2517";"X0.2518";"X0.2519";"X0.2520";"X0.2521";"X0.2522";"X0.2523";"X0.2524";"X0.2525";"X0.2526";"X0.2527";"X0.2528";"X403";"X0.2529";"X168";"X0.2530";"X0.2531";"X0.2532";"X0.2533";"X0.2534";"X0.2535";"X0.2536";"X0.2537";"X0.2538";"X0.2539";"X0.2540";"X0.2541";"X0.2542";"X0.2543";"X0.2544";"X0.2545";"X0.2546";"X0.2547";"X53";"X0.2548";"X0.2549";"X0.2550";"X0.2551";"X136";"X0.2552";"X0.2553";"X0.2554";"X0.2555";"X0.2556";"X0.2557";"X0.2558";"X0.2559";"X0.2560";"X0.2561";"X0.2562";"X0.2563";"X0.2564";"X0.2565";"X0.2566";"X0.2567";"X0.2568";"X0.2569";"X0.2570";"X0.2571";"X1026";"X0.2572";"X0.2573";"X0.2574";"X0.2575";"X0.2576";"X0.2577";"X0.2578";"X0.2579";"X0.2580";"X0.2581";"X0.2582";"X0.2583";"X0.2584";"X0.2585";"X0.2586";"X0.2587";"X0.2588";"X0.2589";"X0.2590";"X0.2591";"X0.2592";"X0.2593";"X0.2594";"X0.2595";"X0.2596";"X0.2597";"X0.2598";"X0.2599";"X0.2600";"X0.2601";"X0.2602";"X0.2603";"X0.2604";"X0.2605";"X0.2606";"X0.2607";"X0.2608";"X0.2609";"X0.2610";"X0.2611";"X0.2612";"X0.2613";"X0.2614";"X0.2615";"X0.2616";"X0.2617";"X0.2618";"X0.2619";"X0.2620";"X0.2621";"X0.2622";"X0.2623";"X0.2624";"X0.2625";"X0.2626";"X0.2627";"X0.2628";"X0.2629";"X0.2630";"X0.2631";"X0.2632";"X0.2633";"X0.2634";"X0.2635";"X0.2636";"X236.1";"X0.2637";"X0.2638";"X0.2639";"X0.2640";"X0.2641";"X0.2642";"X0.2643";"X0.2644";"X0.2645";"X0.2646";"X0.2647";"X0.2648";"X0.2649";"X0.2650";"X0.2651";"X0.2652";"X0.2653";"X0.2654";"X0.2655";"X0.2656";"X0.2657";"X0.2658";"X0.2659";"X0.2660";"X0.2661";"X0.2662";"X0.2663";"X0.2664";"X0.2665";"X950";"X0.2666";"X0.2667";"X0.2668";"X0.2669";"X0.2670";"X0.2671";"X0.2672";"X0.2673";"X0.2674";"X0.2675";"X0.2676";"X0.2677";"X0.2678";"X0.2679";"X0.2680";"X0.2681";"X0.2682";"X0.2683";"X0.2684";"X0.2685";"X0.2686";"X0.2687";"X0.2688";"X0.2689";"X0.2690";"X0.2691";"X6";"X0.2692";"X0.2693";"X0.2694";"X0.2695";"X0.2696";"X0.2697";"X0.2698";"X0.2699";"X0.2700";"X0.2701";"X0.2702";"X0.2703";"X0.2704";"X0.2705";"X0.2706";"X0.2707";"X707";"X0.2708";"X0.2709";"X637";"X0.2710";"X0.2711";"X0.2712";"X0.2713";"X0.2714";"X0.2715";"X0.2716";"X0.2717";"X0.2718";"X0.2719";"X0.2720";"X0.2721";"X0.2722";"X0.2723";"X0.2724";"X0.2725";"X0.2726";"X0.2727";"X0.2728";"X0.2729";"X0.2730";"X0.2731";"X0.2732";"X0.2733";"X0.2734";"X0.2735";"X0.2736";"X0.2737";"X0.2738";"X0.2739";"X0.2740";"X0.2741";"X0.2742";"X0.2743";"X0.2744";"X0.2745";"X0.2746";"X0.2747";"X0.2748";"X0.2749";"X0.2750";"X688.1";"X0.2751";"X0.2752";"X0.2753";"X0.2754";"X0.2755";"X0.2756";"X0.2757";"X0.2758";"X0.2759";"X0.2760";"X0.2761";"X0.2762";"X0.2763";"X0.2764";"X0.2765";"X0.2766";"X0.2767";"X0.2768";"X0.2769";"X0.2770";"X0.2771";"X0.2772";"X0.2773";"X0.2774";"X0.2775";"X0.2776";"X0.2777";"X0.2778";"X0.2779";"X0.2780";"X0.2781";"X0.2782";"X0.2783";"X0.2784";"X0.2785";"X0.2786";"X0.2787";"X0.2788";"X0.2789";"X0.2790";"X0.2791";"X0.2792";"X0.2793";"X0.2794";"X0.2795";"X0.2796";"X0.2797";"X0.2798";"X0.2799";"X0.2800";"X0.2801";"X0.2802";"X0.2803";"X0.2804";"X42";"X0.2805";"X0.2806";"X0.2807";"X0.2808";"X0.2809";"X0.2810";"X0.2811";"X0.2812";"X0.2813";"X0.2814";"X0.2815";"X0.2816";"X0.2817";"X0.2818";"X0.2819";"X0.2820";"X0.2821";"X0.2822";"X0.2823";"X0.2824";"X0.2825";"X0.2826";"X0.2827";"X0.2828";"X0.2829";"X0.2830";"X0.2831";"X0.2832";"X0.2833";"X0.2834";"X0.2835";"X0.2836";"X0.2837";"X0.2838";"X0.2839";"X0.2840";"X0.2841";"X0.2842";"X0.2843";"X58";"X0.2844";"X0.2845";"X0.2846";"X0.2847";"X0.2848";"X0.2849";"X0.2850";"X0.2851";"X0.2852";"X0.2853";"X0.2854";"X0.2855";"X0.2856";"X0.2857";"X0.2858";"X0.2859";"X0.2860";"X0.2861";"X0.2862";"X0.2863";"X0.2864";"X0.2865";"X0.2866";"X0.2867";"X0.2868";"X0.2869";"X0.2870";"X0.2871";"X0.2872";"X0.2873";"X0.2874";"X0.2875";"X0.2876";"X0.2877";"X0.2878";"X0.2879";"X0.2880";"X0.2881";"X0.2882";"X0.2883";"X0.2884";"X0.2885";"X0.2886";"X0.2887";"X0.2888";"X0.2889";"X0.2890";"X0.2891";"X0.2892";"X0.2893";"X102";"X0.2894";"X0.2895";"X0.2896";"X0.2897";"X0.2898";"X0.2899";"X0.2900";"X0.2901";"X0.2902";"X0.2903";"X0.2904";"X0.2905";"X0.2906";"X0.2907";"X0.2908";"X0.2909";"X0.2910";"X0.2911";"X0.2912";"X0.2913";"X0.2914";"X0.2915";"X0.2916";"X0.2917";"X0.2918";"X0.2919";"X0.2920";"X0.2921";"X0.2922";"X0.2923";"X0.2924";"X0.2925";"X0.2926";"X0.2927";"X0.2928";"X0.2929";"X0.2930";"X0.2931";"X0.2932";"X0.2933";"X0.2934";"X0.2935";"X0.2936";"X0.2937";"X0.2938";"X0.2939";"X0.2940";"X0.2941";"X0.2942";"X0.2943";"X0.2944";"X0.2945";"X0.2946";"X0.2947";"X0.2948";"X0.2949";"X0.2950";"X0.2951";"X0.2952";"X0.2953";"X0.2954";"X0.2955";"X0.2956";"X506";"X0.2957";"X0.2958";"X0.2959";"X0.2960";"X0.2961";"X0.2962";"X0.2963";"X0.2964";"X0.2965";"X0.2966";"X0.2967";"X0.2968";"X0.2969";"X0.2970";"X0.2971";"X0.2972";"X0.2973";"X0.2974";"X0.2975";"X0.2976";"X0.2977";"X0.2978";"X1050";"X0.2979";"X0.2980";"X0.2981";"X0.2982";"X0.2983";"X0.2984";"X0.2985";"X0.2986";"X0.2987";"X0.2988";"X0.2989";"X0.2990";"X0.2991";"X537";"X0.2992";"X0.2993";"X0.2994";"X0.2995";"X0.2996";"X0.2997";"X0.2998";"X0.2999";"X0.3000";"X0.3001";"X0.3002";"X0.3003";"X0.3004";"X0.3005";"X0.3006";"X0.3007";"X0.3008";"X0.3009";"X0.3010";"X0.3011";"X0.3012";"X0.3013";"X0.3014";"X0.3015";"X0.3016";"X0.3017";"X0.3018";"X0.3019";"X0.3020";"X0.3021";"X0.3022";"X0.3023";"X0.3024";"X0.3025";"X0.3026";"X0.3027";"X0.3028";"X0.3029";"X0.3030";"X0.3031";"X0.3032";"X0.3033";"X0.3034";"X0.3035";"X0.3036";"X0.3037";"X153";"X0.3038";"X0.3039";"X0.3040";"X0.3041";"X0.3042";"X0.3043";"X0.3044";"X0.3045";"X0.3046";"X0.3047";"X0.3048";"X0.3049";"X0.3050";"X0.3051";"X0.3052";"X0.3053";"X0.3054";"X33";"X0.3055";"X0.3056";"X0.3057";"X0.3058";"X0.3059";"X0.3060";"X0.3061";"X0.3062";"X0.3063";"X0.3064";"X0.3065";"X0.3066";"X0.3067";"X0.3068";"X0.3069";"X0.3070";"X0.3071";"X0.3072";"X0.3073";"X0.3074";"X0.3075";"X0.3076";"X0.3077";"X0.3078";"X0.3079";"X0.3080";"X0.3081";"X0.3082";"X0.3083";"X0.3084";"X0.3085";"X0.3086";"X336";"X0.3087";"X0.3088";"X0.3089";"X0.3090";"X211";"X0.3091";"X0.3092";"X0.3093";"X0.3094";"X0.3095";"X0.3096";"X0.3097";"X0.3098";"X0.3099";"X0.3100";"X0.3101";"X0.3102";"X0.3103";"X0.3104";"X0.3105";"X0.3106";"X1735";"X0.3107";"X0.3108";"X0.3109";"X0.3110";"X0.3111";"X0.3112";"X0.3113";"X0.3114";"X0.3115";"X626";"X0.3116";"X0.3117";"X0.3118";"X0.3119";"X0.3120";"X0.3121";"X0.3122";"X0.3123";"X0.3124";"X0.3125";"X0.3126";"X0.3127";"X0.3128";"X0.3129";"X0.3130";"X0.3131";"X0.3132";"X0.3133";"X0.3134";"X0.3135";"X0.3136";"X0.3137";"X0.3138";"X0.3139";"X56.1";"X0.3140";"X0.3141";"X0.3142";"X0.3143";"X0.3144";"X0.3145";"X0.3146";"X0.3147";"X0.3148";"X0.3149";"X0.3150";"X0.3151";"X0.3152";"X0.3153";"X0.3154";"X0.3155";"X0.3156";"X0.3157";"X0.3158";"X0.3159";"X0.3160";"X0.3161";"X0.3162";"X0.3163";"X0.3164";"X0.3165";"X0.3166";"X0.3167";"X0.3168";"X0.3169";"X0.3170";"X0.3171";"X0.3172";"X0.3173";"X0.3174";"X0.3175";"X0.3176";"X0.3177";"X0.3178";"X466";"X0.3179";"X0.3180";"X0.3181";"X0.3182";"X0.3183";"X0.3184";"X0.3185";"X0.3186";"X0.3187";"X0.3188";"X0.3189";"X0.3190";"X0.3191";"X0.3192";"X0.3193";"X0.3194";"X0.3195";"X0.3196";"X0.3197";"X0.3198";"X0.3199";"X0.3200";"X0.3201";"X0.3202";"X0.3203";"X0.3204";"X0.3205";"X0.3206";"X0.3207";"X0.3208";"X0.3209";"X0.3210";"X0.3211";"X0.3212";"X0.3213";"X0.3214";"X0.3215";"X0.3216";"X0.3217";"X1310";"X0.3218";"X0.3219";"X0.3220";"X0.3221";"X354";"X0.3222";"X0.3223";"X0.3224";"X0.3225";"X0.3226";"X0.3227";"X0.3228";"X0.3229";"X0.3230";"X0.3231";"X0.3232";"X0.3233";"X0.3234";"X0.3235";"X0.3236";"X0.3237";"X0.3238";"X0.3239";"X0.3240";"X0.3241";"X0.3242";"X0.3243";"X0.3244";"X0.3245";"X0.3246";"X0.3247";"X0.3248";"X0.3249";"X0.3250";"X0.3251";"X0.3252";"X0.3253";"X0.3254";"X0.3255";"X0.3256";"X0.3257";"X0.3258";"X0.3259";"X0.3260";"X0.3261";"X0.3262";"X0.3263";"X0.3264";"X0.3265";"X0.3266";"X0.3267";"X0.3268";"X0.3269";"X0.3270";"X0.3271";"X0.3272";"X0.3273";"X0.3274";"X0.3275";"X0.3276";"X0.3277";"X0.3278";"X900";"X0.3279";"X0.3280";"X0.3281";"X0.3282";"X0.3283";"X0.3284";"X0.3285";"X0.3286";"X0.3287";"X0.3288";"X0.3289";"X0.3290";"X0.3291";"X0.3292";"X0.3293";"X0.3294";"X0.3295";"X0.3296";"X0.3297";"X0.3298";"X732";"X0.3299";"X0.3300";"X0.3301";"X0.3302";"X0.3303";"X0.3304";"X0.3305";"X0.3306";"X0.3307";"X0.3308";"X629";"X0.3309";"X0.3310";"X0.3311";"X0.3312";"X0.3313";"X0.3314";"X0.3315";"X0.3316";"X0.3317";"X0.3318";"X0.3319";"X0.3320";"X0.3321";"X0.3322";"X0.3323";"X0.3324";"X0.3325";"X0.3326";"X0.3327";"X0.3328";"X0.3329";"X0.3330";"X0.3331";"X713";"X0.3332";"X0.3333";"X0.3334";"X0.3335";"X0.3336";"X0.3337";"X0.3338";"X0.3339";"X0.3340";"X0.3341";"X0.3342";"X0.3343";"X0.3344";"X0.3345";"X0.3346";"X0.3347";"X0.3348";"X0.3349";"X0.3350";"X0.3351";"X0.3352";"X0.3353";"X0.3354";"X0.3355";"X0.3356";"X0.3357";"X0.3358";"X0.3359";"X0.3360";"X0.3361";"X0.3362";"X0.3363";"X0.3364";"X0.3365";"X0.3366";"X0.3367";"X0.3368";"X0.3369";"X0.3370";"X154";"X0.3371";"X974";"X0.3372";"X0.3373";"X0.3374";"X216";"X0.3375";"X0.3376";"X0.3377";"X0.3378";"X0.3379";"X0.3380";"X0.3381";"X0.3382";"X0.3383";"X0.3384";"X0.3385";"X0.3386";"X0.3387";"X0.3388";"X0.3389";"X0.3390";"X0.3391";"X0.3392";"X0.3393";"X0.3394";"X0.3395";"X0.3396";"X0.3397";"X783";"X0.3398";"X0.3399";"X0.3400";"X0.3401";"X0.3402";"X0.3403";"X0.3404";"X0.3405";"X0.3406";"X0.3407";"X0.3408";"X0.3409";"X0.3410";"X0.3411";"X0.3412";"X0.3413";"X0.3414";"X0.3415";"X0.3416";"X0.3417";"X0.3418";"X0.3419";"X0.3420";"X0.3421";"X0.3422";"X0.3423";"X0.3424";"X0.3425";"X0.3426";"X0.3427";"X0.3428";"X0.3429";"X0.3430";"X0.3431";"X0.3432";"X0.3433";"X0.3434";"X169.1";"X0.3435";"X779";"X0.3436";"X0.3437";"X714";"X264";"X226";"X0.3438";"X0.3439";"X218";"X0.3440";"X0.3441";"X0.3442";"X0.3443";"X0.3444";"X0.3445";"X0.3446";"X183";"X0.3447";"X0.3448";"X685";"X0.3449";"X0.3450";"X0.3451";"X0.3452";"X0.3453";"X0.3454";"X0.3455";"X0.3456";"X0.3457";"X0.3458";"X0.3459";"X0.3460";"X0.3461";"X0.3462";"X0.3463";"X0.3464";"X256";"X0.3465";"X0.3466";"X0.3467";"X0.3468";"X0.3469";"X0.3470";"X0.3471";"X0.3472";"X0.3473";"X0.3474";"X0.3475";"X0.3476";"X0.3477";"X0.3478";"X0.3479";"X0.3480";"X0.3481";"X0.3482";"X0.3483";"X0.3484";"X0.3485";"X0.3486";"X0.3487";"X0.3488";"X0.3489";"X0.3490";"X0.3491";"X0.3492";"X0.3493";"X0.3494";"X0.3495";"X0.3496";"X0.3497";"X0.3498";"X0.3499";"X0.3500";"X0.3501";"X0.3502";"X0.3503";"X0.3504";"X0.3505";"X0.3506";"X0.3507";"X0.3508";"X0.3509";"X0.3510";"X0.3511";"X0.3512";"X0.3513";"X0.3514";"X0.3515";"X0.3516";"X0.3517";"X0.3518";"X0.3519";"X256.1";"X0.3520";"X0.3521";"X0.3522";"X0.3523";"X0.3524";"X0.3525";"X0.3526";"X0.3527";"X0.3528";"X0.3529";"X0.3530";"X0.3531";"X0.3532";"X0.3533";"X0.3534";"X0.3535";"X0.3536";"X0.3537";"X0.3538";"X0.3539";"X0.3540";"X0.3541";"X0.3542";"X0.3543";"X0.3544";"X0.3545";"X0.3546";"X0.3547";"X0.3548";"X0.3549";"X0.3550";"X0.3551";"X0.3552";"X0.3553";"X0.3554";"X0.3555";"X0.3556";"X0.3557";"X0.3558";"X191";"X0.3559";"X0.3560";"X0.3561";"X0.3562";"X0.3563";"X0.3564";"X0.3565";"X0.3566";"X0.3567";"X0.3568";"X0.3569";"X0.3570";"X0.3571";"X0.3572";"X0.3573";"X0.3574";"X0.3575";"X0.3576";"X0.3577";"X0.3578";"X0.3579";"X360";"X0.3580";"X0.3581";"X0.3582";"X0.3583";"X0.3584";"X0.3585";"X0.3586";"X0.3587";"X0.3588";"X0.3589";"X0.3590";"X0.3591";"X0.3592";"X0.3593";"X0.3594";"X0.3595";"X0.3596";"X0.3597";"X0.3598";"X0.3599";"X0.3600";"X0.3601";"X0.3602";"X0.3603";"X0.3604";"X0.3605";"X0.3606";"X0.3607";"X0.3608";"X0.3609";"X1429";"X0.3610";"X0.3611";"X0.3612";"X0.3613";"X0.3614";"X0.3615";"X0.3616";"X0.3617";"X0.3618";"X0.3619";"X0.3620";"X0.3621";"X0.3622";"X0.3623";"X0.3624";"X0.3625";"X0.3626";"X0.3627";"X0.3628";"X0.3629";"X0.3630";"X0.3631";"X0.3632";"X0.3633";"X0.3634";"X0.3635";"X0.3636";"X0.3637";"X0.3638";"X0.3639";"X0.3640";"X0.3641";"X0.3642";"X0.3643";"X0.3644";"X0.3645";"X0.3646";"X0.3647";"X0.3648";"X0.3649";"X0.3650";"X0.3651";"X0.3652";"X0.3653";"X0.3654";"X0.3655";"X0.3656";"X0.3657";"X0.3658";"X0.3659";"X0.3660";"X0.3661";"X0.3662";"X0.3663";"X0.3664";"X0.3665";"X0.3666";"X0.3667";"X0.3668";"X0.3669";"X0.3670";"X0.3671";"X0.3672";"X0.3673";"X0.3674";"X0.3675";"X0.3676";"X0.3677";"X0.3678";"X0.3679";"X0.3680";"X0.3681";"X0.3682";"X0.3683";"X0.3684";"X0.3685";"X0.3686";"X0.3687";"X0.3688";"X696";"X0.3689";"X0.3690";"X0.3691";"X0.3692";"X0.3693";"X0.3694";"X0.3695";"X0.3696";"X0.3697";"X0.3698";"X0.3699";"X0.3700";"X0.3701";"X0.3702";"X0.3703";"X0.3704";"X0.3705";"X0.3706";"X0.3707";"X267";"X0.3708";"X0.3709";"X0.3710";"X0.3711";"X0.3712";"X0.3713";"X0.3714";"X0.3715";"X0.3716";"X0.3717";"X0.3718";"X0.3719";"X0.3720";"X0.3721";"X0.3722";"X0.3723";"X733.1";"X0.3724";"X0.3725";"X0.3726";"X0.3727";"X0.3728";"X0.3729";"X0.3730";"X0.3731";"X0.3732";"X0.3733";"X0.3734";"X0.3735";"X0.3736";"X0.3737";"X0.3738";"X0.3739";"X0.3740";"X0.3741";"X0.3742";"X0.3743";"X0.3744";"X0.3745";"X0.3746";"X0.3747";"X0.3748";"X0.3749";"X0.3750";"X0.3751";"X0.3752";"X0.3753";"X0.3754";"X0.3755";"X0.3756";"X0.3757";"X0.3758";"X0.3759";"X0.3760";"X0.3761";"X0.3762";"X0.3763";"X0.3764";"X0.3765";"X0.3766";"X0.3767";"X0.3768";"X0.3769";"X0.3770";"X0.3771";"X0.3772";"X0.3773";"X0.3774";"X0.3775";"X0.3776";"X0.3777";"X0.3778";"X0.3779";"X0.3780";"X0.3781";"X0.3782";"X0.3783";"X0.3784";"X0.3785";"X0.3786";"X0.3787";"X0.3788";"X0.3789";"X0.3790";"X0.3791";"X0.3792";"X0.3793";"X0.3794";"X0.3795";"X0.3796";"X0.3797";"X0.3798";"X0.3799";"X0.3800";"X340.1";"X0.3801";"X0.3802";"X0.3803";"X0.3804";"X0.3805";"X0.3806";"X0.3807";"X0.3808";"X0.3809";"X0.3810";"X0.3811";"X0.3812";"X0.3813";"X0.3814";"X0.3815";"X0.3816";"X0.3817";"X0.3818";"X0.3819";"X0.3820";"X0.3821";"X0.3822";"X0.3823";"X0.3824";"X0.3825";"X1065";"X0.3826";"X0.3827";"X0.3828";"X0.3829";"X0.3830";"X0.3831";"X0.3832";"X0.3833";"X0.3834";"X0.3835";"X0.3836";"X0.3837";"X0.3838";"X0.3839";"X0.3840";"X0.3841";"X0.3842";"X493";"X0.3843";"X0.3844";"X0.3845";"X0.3846";"X0.3847";"X0.3848";"X0.3849";"X0.3850";"X0.3851";"X0.3852";"X0.3853";"X0.3854";"X0.3855";"X0.3856";"X0.3857";"X0.3858";"X0.3859";"X0.3860";"X0.3861";"X0.3862";"X0.3863";"X0.3864";"X0.3865";"X0.3866";"X0.3867";"X0.3868";"X0.3869";"X0.3870";"X0.3871";"X0.3872";"X0.3873";"X0.3874";"X0.3875";"X0.3876";"X0.3877";"X0.3878";"X0.3879";"X0.3880";"X0.3881";"X0.3882";"X0.3883";"X0.3884";"X0.3885";"X0.3886";"X0.3887";"X0.3888";"X953";"X0.3889";"X0.3890";"X0.3891";"X0.3892";"X0.3893";"X0.3894";"X0.3895";"X0.3896";"X0.3897";"X0.3898";"X0.3899";"X0.3900";"X0.3901";"X0.3902";"X0.3903";"X0.3904";"X0.3905";"X0.3906";"X256.2";"X881";"X0.3907";"X0.3908";"X0.3909";"X0.3910";"X0.3911";"X0.3912";"X0.3913";"X0.3914";"X0.3915";"X0.3916";"X0.3917";"X0.3918";"X0.3919";"X0.3920";"X0.3921";"X0.3922";"X0.3923";"X0.3924";"X0.3925";"X0.3926";"X0.3927";"X0.3928";"X0.3929";"X0.3930";"X0.3931";"X0.3932";"X0.3933";"X0.3934";"X165";"X0.3935";"X0.3936";"X0.3937";"X0.3938";"X526";"X0.3939";"X0.3940";"X0.3941";"X0.3942";"X0.3943";"X0.3944";"X0.3945";"X0.3946";"X0.3947";"X0.3948";"X0.3949";"X0.3950";"X0.3951";"X0.3952";"X0.3953";"X0.3954";"X0.3955";"X0.3956";"X0.3957";"X0.3958";"X0.3959";"X0.3960";"X0.3961";"X0.3962";"X0.3963";"X0.3964";"X0.3965";"X0.3966";"X0.3967";"X0.3968";"X0.3969";"X0.3970";"X0.3971";"X0.3972";"X0.3973";"X0.3974";"X0.3975";"X0.3976";"X0.3977";"X0.3978";"X0.3979";"X0.3980";"X0.3981";"X315";"X0.3982";"X0.3983";"X0.3984";"X0.3985";"X0.3986";"X0.3987";"X0.3988";"X0.3989";"X0.3990";"X0.3991";"X0.3992";"X0.3993";"X0.3994";"X0.3995";"X0.3996";"X0.3997";"X0.3998";"X0.3999";"X0.4000";"X0.4001";"X0.4002";"X0.4003";"X0.4004";"X0.4005";"X0.4006";"X0.4007";"X0.4008";"X0.4009";"X52.1";"X0.4010";"X0.4011";"X29";"X0.4012";"X0.4013";"X0.4014";"X0.4015";"X0.4016";"X0.4017";"X0.4018";"X0.4019";"X0.4020";"X0.4021";"X0.4022";"X0.4023";"X0.4024";"X0.4025";"X0.4026";"X0.4027";"X0.4028";"X0.4029";"X0.4030";"X1255";"X0.4031";"X0.4032";"X0.4033";"X0.4034";"X0.4035";"X0.4036";"X0.4037";"X0.4038";"X0.4039";"X0.4040";"X0.4041";"X0.4042";"X0.4043";"X0.4044";"X0.4045";"X0.4046";"X0.4047";"X0.4048";"X0.4049";"X0.4050";"X0.4051";"X0.4052";"X0.4053";"X0.4054";"X0.4055";"X0.4056";"X0.4057";"X0.4058";"X0.4059";"X0.4060";"X0.4061";"X0.4062";"X0.4063";"X0.4064";"X0.4065";"X0.4066";"X0.4067";"X0.4068";"X0.4069";"X0.4070";"X0.4071";"X0.4072";"X0.4073";"X0.4074";"X0.4075";"X0.4076";"X0.4077";"X0.4078";"X0.4079";"X0.4080";"X0.4081";"X0.4082";"X0.4083";"X0.4084";"X0.4085";"X0.4086";"X0.4087";"X0.4088";"X0.4089";"X192";"X0.4090";"X0.4091";"X0.4092";"X0.4093";"X0.4094";"X0.4095";"X0.4096";"X0.4097";"X0.4098";"X0.4099";"X0.4100";"X0.4101";"X0.4102";"X0.4103";"X0.4104";"X0.4105";"X0.4106";"X0.4107";"X0.4108";"X0.4109";"X0.4110";"X0.4111";"X0.4112";"X0.4113";"X0.4114";"X0.4115";"X0.4116";"X0.4117";"X0.4118";"X0.4119";"X0.4120";"X0.4121";"X0.4122";"X0.4123";"X0.4124";"X0.4125";"X0.4126";"X0.4127";"X0.4128";"X0.4129";"X0.4130";"X0.4131";"X0.4132";"X0.4133";"X0.4134";"X0.4135";"X0.4136";"X0.4137";"X0.4138";"X0.4139";"X0.4140";"X0.4141";"X0.4142";"X0.4143";"X0.4144";"X0.4145";"X0.4146";"X0.4147";"X0.4148";"X721";"X0.4149";"X0.4150";"X0.4151";"X0.4152";"X0.4153";"X0.4154";"X0.4155";"X0.4156";"X0.4157";"X0.4158";"X0.4159";"X0.4160";"X0.4161";"X0.4162";"X0.4163";"X111";"X0.4164";"X0.4165";"X0.4166";"X0.4167";"X0.4168";"X0.4169";"X350";"X0.4170";"X0.4171";"X0.4172";"X0.4173";"X0.4174";"X0.4175";"X0.4176";"X0.4177";"X0.4178";"X0.4179";"X0.4180";"X0.4181";"X879";"X0.4182";"X0.4183";"X0.4184";"X0.4185";"X0.4186";"X0.4187";"X0.4188";"X0.4189";"X0.4190";"X0.4191";"X0.4192";"X0.4193";"X0.4194";"X0.4195";"X0.4196";"X0.4197";"X0.4198";"X0.4199";"X0.4200";"X0.4201";"X0.4202";"X0.4203";"X0.4204";"X0.4205";"X0.4206";"X0.4207";"X0.4208";"X0.4209";"X0.4210";"X0.4211";"X0.4212";"X0.4213";"X0.4214";"X0.4215";"X0.4216";"X0.4217";"X0.4218";"X0.4219";"X0.4220";"X0.4221";"X0.4222";"X0.4223";"X0.4224";"X0.4225";"X0.4226";"X0.4227";"X0.4228";"X0.4229";"X0.4230";"X0.4231";"X0.4232";"X0.4233";"X0.4234";"X0.4235";"X0.4236";"X0.4237";"X0.4238";"X0.4239";"X0.4240";"X0.4241";"X0.4242";"X0.4243";"X157.1";"X0.4244";"X0.4245";"X0.4246";"X0.4247";"X0.4248";"X923";"X0.4249";"X0.4250";"X0.4251";"X0.4252";"X0.4253";"X0.4254";"X0.4255";"X0.4256";"X0.4257";"X0.4258";"X0.4259";"X0.4260";"X0.4261";"X0.4262";"X0.4263";"X0.4264";"X0.4265";"X0.4266";"X0.4267";"X0.4268";"X0.4269";"X0.4270";"X0.4271";"X0.4272";"X0.4273";"X0.4274";"X0.4275";"X0.4276";"X0.4277";"X0.4278";"X0.4279";"X0.4280";"X0.4281";"X0.4282";"X0.4283";"X0.4284";"X0.4285";"X0.4286";"X0.4287";"X1278";"X0.4288";"X0.4289";"X0.4290";"X0.4291";"X0.4292";"X0.4293";"X0.4294";"X0.4295";"X0.4296";"X0.4297";"X0.4298";"X0.4299";"X0.4300";"X0.4301";"X0.4302";"X0.4303";"X0.4304";"X0.4305";"X0.4306";"X0.4307";"X0.4308";"X0.4309";"X0.4310";"X0.4311";"X0.4312";"X0.4313";"X0.4314";"X337";"X0.4315";"X0.4316";"X0.4317";"X0.4318";"X60";"X0.4319";"X0.4320";"X0.4321";"X0.4322";"X0.4323";"X0.4324";"X0.4325";"X0.4326";"X0.4327";"X0.4328";"X0.4329";"X0.4330";"X300";"X0.4331";"X0.4332";"X0.4333";"X0.4334";"X0.4335";"X0.4336";"X0.4337";"X0.4338";"X0.4339";"X0.4340";"X0.4341";"X0.4342";"X0.4343";"X0.4344";"X0.4345";"X0.4346";"X0.4347";"X0.4348";"X0.4349";"X477";"X0.4350";"X0.4351";"X0.4352";"X0.4353";"X0.4354";"X0.4355";"X0.4356";"X0.4357";"X0.4358";"X0.4359";"X0.4360";"X210";"X0.4361";"X881.1";"X0.4362";"X0.4363";"X0.4364";"X0.4365";"X0.4366";"X0.4367";"X0.4368";"X0.4369";"X100";"X0.4370";"X0.4371";"X0.4372";"X0.4373";"X0.4374";"X0.4375";"X0.4376";"X0.4377";"X0.4378";"X315.1";"X0.4379";"X0.4380";"X0.4381";"X0.4382";"X0.4383";"X0.4384";"X0.4385";"X0.4386";"X0.4387";"X0.4388";"X0.4389";"X0.4390";"X0.4391";"X0.4392";"X0.4393";"X0.4394";"X0.4395";"X0.4396";"X0.4397";"X0.4398";"X0.4399";"X1592";"X0.4400";"X0.4401";"X0.4402";"X0.4403";"X0.4404";"X0.4405";"X0.4406";"X0.4407";"X0.4408";"X0.4409";"X0.4410";"X0.4411";"X0.4412";"X0.4413";"X0.4414";"X0.4415";"X0.4416";"X0.4417";"X0.4418";"X0.4419";"X0.4420";"X0.4421";"X0.4422";"X0.4423";"X0.4424";"X0.4425";"X1556";"X0.4426";"X354.1";"X0.4427";"X0.4428";"X0.4429";"X0.4430";"X0.4431";"X0.4432";"X0.4433";"X0.4434";"X0.4435";"X0.4436";"X0.4437";"X0.4438";"X0.4439";"X0.4440";"X0.4441";"X0.4442";"X0.4443";"X0.4444";"X0.4445";"X0.4446";"X0.4447";"X0.4448";"X0.4449";"X0.4450";"X0.4451";"X0.4452";"X0.4453";"X1086";"X0.4454";"X0.4455";"X0.4456";"X0.4457";"X0.4458";"X0.4459";"X0.4460";"X0.4461";"X0.4462";"X0.4463";"X0.4464";"X0.4465";"X0.4466";"X0.4467";"X0.4468";"X0.4469";"X0.4470";"X0.4471";"X0.4472";"X0.4473";"X0.4474";"X0.4475";"X0.4476";"X0.4477";"X0.4478";"X0.4479";"X0.4480";"X0.4481";"X0.4482";"X0.4483";"X0.4484";"X0.4485";"X0.4486";"X0.4487";"X0.4488";"X0.4489";"X0.4490";"X0.4491";"X0.4492";"X0.4493";"X0.4494";"X0.4495";"X0.4496";"X0.4497";"X0.4498";"X0.4499";"X0.4500";"X0.4501";"X0.4502";"X0.4503";"X0.4504";"X0.4505";"X0.4506";"X0.4507";"X437.1";"X0.4508";"X0.4509";"X0.4510";"X0.4511";"X0.4512";"X0.4513";"X0.4514";"X0.4515";"X0.4516";"X0.4517";"X0.4518";"X0.4519";"X0.4520";"X0.4521";"X0.4522";"X0.4523";"X0.4524";"X0.4525";"X0.4526";"X0.4527";"X0.4528";"X0.4529";"X0.4530";"X0.4531";"X0.4532";"X0.4533";"X0.4534";"X0.4535";"X0.4536";"X0.4537";"X0.4538";"X0.4539";"X0.4540";"X0.4541";"X0.4542";"X0.4543";"X0.4544";"X0.4545";"X0.4546";"X0.4547";"X0.4548";"X0.4549";"X289";"X0.4550";"X0.4551";"X0.4552";"X0.4553";"X0.4554";"X0.4555";"X0.4556";"X0.4557";"X0.4558";"X0.4559";"X0.4560";"X0.4561";"X0.4562";"X0.4563";"X0.4564";"X0.4565";"X0.4566";"X0.4567";"X0.4568";"X0.4569";"X0.4570";"X0.4571";"X0.4572";"X0.4573";"X0.4574";"X0.4575";"X0.4576";"X0.4577";"X0.4578";"X0.4579";"X0.4580";"X0.4581";"X0.4582";"X0.4583";"X0.4584";"X0.4585";"X0.4586";"X0.4587";"X0.4588";"X0.4589";"X0.4590";"X0.4591";"X0.4592";"X0.4593";"X0.4594";"X0.4595";"X0.4596";"X0.4597";"X0.4598";"X0.4599";"X0.4600";"X118";"X0.4601";"X0.4602";"X0.4603";"X0.4604";"X0.4605";"X0.4606";"X0.4607";"X0.4608";"X0.4609";"X0.4610";"X0.4611";"X0.4612";"X0.4613";"X0.4614";"X0.4615";"X0.4616";"X0.4617";"X0.4618";"X0.4619";"X0.4620";"X0.4621";"X0.4622";"X0.4623";"X0.4624";"X0.4625";"X0.4626";"X114";"X930";"X0.4627";"X669";"X147";"X0.4628";"X562";"X367";"X0.4629";"X0.4630";"X0.4631";"X0.4632";"X74";"X0.4633";"X0.4634";"X66.2";"X0.4635";"X21";"X0.4636";"X0.4637";"X0.4638";"X0.4639";"X0.4640";"X0.4641";"X228";"X0.4642";"X0.4643";"X0.4644";"X0.4645";"X0.4646";"X0.4647";"X0.4648";"X0.4649";"X0.4650";"X0.4651";"X0.4652";"X0.4653";"X0.4654";"X1489.1";"X0.4655";"X0.4656";"X0.4657";"X0.4658";"X0.4659";"X0.4660";"X0.4661";"X0.4662";"X0.4663";"X0.4664";"X0.4665";"X0.4666";"X0.4667";"X0.4668";"X0.4669";"X0.4670";"X176";"X0.4671";"X0.4672";"X0.4673";"X0.4674";"X0.4675";"X0.4676";"X0.4677";"X0.4678";"X0.4679";"X0.4680";"X0.4681";"X0.4682";"X0.4683";"X0.4684";"X0.4685";"X0.4686";"X0.4687";"X0.4688";"X0.4689";"X0.4690";"X0.4691";"X0.4692";"X0.4693";"X0.4694";"X0.4695";"X0.4696";"X0.4697";"X0.4698";"X0.4699";"X0.4700";"X0.4701";"X0.4702";"X0.4703";"X0.4704";"X0.4705";"X0.4706";"X0.4707";"X0.4708";"X0.4709";"X0.4710";"X0.4711";"X0.4712";"X0.4713";"X0.4714";"X0.4715";"X0.4716";"X0.4717";"X0.4718";"X0.4719";"X0.4720";"X0.4721";"X0.4722";"X157.2";"X0.4723";"X0.4724";"X0.4725";"X0.4726";"X0.4727";"X0.4728";"X0.4729";"X0.4730";"X0.4731";"X0.4732";"X0.4733";"X0.4734";"X0.4735";"X0.4736";"X0.4737";"X0.4738";"X0.4739";"X0.4740";"X0.4741";"X0.4742";"X0.4743";"X0.4744";"X0.4745";"X1370";"X0.4746";"X0.4747";"X0.4748";"X0.4749";"X0.4750";"X0.4751";"X0.4752";"X0.4753";"X0.4754";"X0.4755";"X0.4756";"X0.4757";"X0.4758";"X0.4759";"X0.4760";"X0.4761";"X0.4762";"X0.4763";"X0.4764";"X0.4765";"X0.4766";"X0.4767";"X0.4768";"X0.4769";"X0.4770";"X0.4771";"X0.4772";"X0.4773";"X0.4774";"X0.4775";"X0.4776";"X0.4777";"X0.4778";"X0.4779";"X0.4780";"X0.4781";"X0.4782";"X0.4783";"X0.4784";"X0.4785";"X0.4786";"X0.4787";"X0.4788";"X0.4789";"X0.4790";"X0.4791";"X0.4792";"X0.4793";"X0.4794";"X0.4795";"X0.4796";"X0.4797";"X0.4798";"X0.4799";"X0.4800";"X0.4801";"X0.4802";"X0.4803";"X0.4804";"X0.4805";"X0.4806";"X0.4807";"X0.4808";"X0.4809";"X0.4810";"X0.4811";"X0.4812";"X18";"X0.4813";"X0.4814";"X0.4815";"X0.4816";"X0.4817";"X0.4818";"X0.4819";"X0.4820";"X0.4821";"X0.4822";"X655.1";"X0.4823";"X0.4824";"X0.4825";"X0.4826";"X0.4827";"X0.4828";"X0.4829";"X0.4830";"X0.4831";"X0.4832";"X0.4833";"X0.4834";"X0.4835";"X0.4836";"X0.4837";"X0.4838";"X0.4839";"X0.4840";"X0.4841";"X0.4842";"X0.4843";"X0.4844";"X0.4845";"X0.4846";"X0.4847";"X0.4848";"X0.4849";"X0.4850";"X0.4851";"X0.4852";"X0.4853";"X0.4854";"X0.4855";"X0.4856";"X0.4857";"X0.4858";"X0.4859";"X0.4860";"X0.4861";"X0.4862";"X0.4863";"X0.4864";"X340.2";"X0.4865";"X0.4866";"X0.4867";"X0.4868";"X0.4869";"X0.4870";"X0.4871";"X0.4872";"X272";"X0.4873";"X0.4874";"X0.4875";"X0.4876";"X0.4877";"X0.4878";"X0.4879";"X0.4880";"X0.4881";"X0.4882";"X0.4883";"X0.4884";"X0.4885";"X0.4886";"X0.4887";"X0.4888";"X0.4889";"X0.4890";"X179";"X0.4891";"X0.4892";"X0.4893";"X0.4894";"X0.4895";"X0.4896";"X0.4897";"X0.4898";"X0.4899";"X0.4900";"X0.4901";"X0.4902";"X0.4903";"X0.4904";"X0.4905";"X556";"X0.4906";"X0.4907";"X0.4908";"X0.4909";"X0.4910";"X0.4911";"X0.4912";"X0.4913";"X0.4914";"X0.4915";"X0.4916";"X0.4917";"X0.4918";"X0.4919";"X0.4920";"X0.4921";"X0.4922";"X0.4923";"X0.4924";"X0.4925";"X0.4926";"X0.4927";"X0.4928";"X0.4929";"X0.4930";"X0.4931";"X0.4932";"X0.4933";"X0.4934";"X0.4935";"X0.4936";"X0.4937";"X0.4938";"X1588";"X0.4939";"X0.4940";"X0.4941";"X0.4942";"X0.4943";"X0.4944";"X0.4945";"X0.4946";"X0.4947";"X0.4948";"X0.4949";"X0.4950";"X0.4951";"X0.4952";"X0.4953";"X0.4954";"X0.4955";"X0.4956";"X0.4957";"X0.4958";"X0.4959";"X0.4960";"X1169";"X0.4961";"X0.4962";"X1006";"X72";"X0.4963";"X0.4964";"X0.4965";"X0.4966";"X0.4967";"X0.4968";"X0.4969";"X0.4970";"X0.4971";"X0.4972";"X0.4973";"X0.4974";"X0.4975";"X0.4976";"X0.4977";"X0.4978";"X0.4979";"X0.4980";"X0.4981";"X0.4982";"X0.4983";"X0.4984";"X0.4985";"X0.4986";"X0.4987";"X0.4988";"X0.4989";"X0.4990";"X0.4991";"X0.4992";"X0.4993";"X0.4994";"X0.4995";"X0.4996";"X0.4997";"X0.4998";"X0.4999";"X0.5000";"X0.5001";"X0.5002";"X0.5003";"X0.5004";"X0.5005";"X0.5006";"X0.5007";"X0.5008";"X0.5009";"X0.5010";"X0.5011";"X0.5012";"X0.5013";"X0.5014";"X0.5015";"X0.5016";"X0.5017";"X0.5018";"X0.5019";"X0.5020";"X0.5021";"X0.5022";"X0.5023";"X0.5024";"X0.5025";"X0.5026";"X667";"X0.5027";"X0.5028";"X130";"X0.5029";"X0.5030";"X0.5031";"X18.1";"X95";"X0.5032";"X0.5033";"X0.5034";"X43";"X0.5035";"X0.5036";"X0.5037";"X0.5038";"X0.5039";"X0.5040";"X0.5041";"X0.5042";"X0.5043";"X0.5044";"X0.5045";"X0.5046";"X0.5047";"X0.5048";"X0.5049";"X0.5050";"X0.5051";"X0.5052";"X0.5053";"X0.5054";"X0.5055";"X0.5056";"X0.5057";"X0.5058";"X0.5059";"X0.5060";"X0.5061";"X0.5062";"X0.5063";"X0.5064";"X0.5065";"X0.5066";"X0.5067";"X0.5068";"X0.5069";"X0.5070";"X0.5071";"X0.5072";"X0.5073";"X0.5074";"X0.5075";"X0.5076";"X0.5077";"X0.5078";"X0.5079";"X0.5080";"X0.5081";"X0.5082";"X0.5083";"X0.5084";"X0.5085";"X0.5086";"X0.5087";"X0.5088";"X0.5089";"X0.5090";"X0.5091";"X0.5092";"X0.5093";"X0.5094";"X0.5095";"X0.5096";"X0.5097";"X0.5098";"X0.5099";"X0.5100";"X0.5101";"X0.5102";"X0.5103";"X0.5104";"X1065.1";"X0.5105";"X118.1";"X0.5106";"X0.5107";"X0.5108";"X0.5109";"X0.5110";"X0.5111";"X0.5112";"X0.5113";"X0.5114";"X0.5115";"X0.5116";"X0.5117";"X0.5118";"X0.5119";"X0.5120";"X0.5121";"X0.5122";"X0.5123";"X0.5124";"X0.5125";"X0.5126";"X0.5127";"X0.5128";"X0.5129";"X0.5130";"X750";"X0.5131";"X0.5132";"X0.5133";"X411";"X0.5134";"X0.5135";"X0.5136";"X0.5137";"X0.5138";"X0.5139";"X0.5140";"X0.5141";"X0.5142";"X0.5143";"X0.5144";"X0.5145";"X0.5146";"X0.5147";"X838";"X0.5148";"X0.5149";"X0.5150";"X0.5151";"X0.5152";"X0.5153";"X0.5154";"X0.5155";"X0.5156";"X0.5157";"X0.5158";"X0.5159";"X417";"X0.5160";"X0.5161";"X0.5162";"X0.5163";"X0.5164";"X0.5165";"X0.5166";"X0.5167";"X0.5168";"X0.5169";"X0.5170";"X0.5171";"X0.5172";"X0.5173";"X0.5174";"X0.5175";"X0.5176";"X0.5177";"X0.5178";"X0.5179";"X0.5180";"X0.5181";"X0.5182";"X0.5183";"X0.5184";"X0.5185";"X0.5186";"X0.5187";"X0.5188";"X0.5189";"X0.5190";"X0.5191";"X0.5192";"X0.5193";"X0.5194";"X0.5195";"X0.5196";"X0.5197";"X0.5198";"X0.5199";"X0.5200";"X0.5201";"X0.5202";"X0.5203";"X0.5204";"X0.5205";"X0.5206";"X0.5207";"X0.5208";"X0.5209";"X0.5210";"X0.5211";"X0.5212";"X0.5213";"X0.5214";"X0.5215";"X0.5216";"X0.5217";"X0.5218";"X0.5219";"X0.5220";"X0.5221";"X0.5222";"X0.5223";"X0.5224";"X0.5225";"X0.5226";"X0.5227";"X0.5228";"X0.5229";"X0.5230";"X0.5231";"X0.5232";"X0.5233";"X0.5234";"X0.5235";"X0.5236";"X49";"X0.5237";"X0.5238";"X0.5239";"X0.5240";"X0.5241";"X0.5242";"X0.5243";"X0.5244";"X0.5245";"X0.5246";"X408";"X0.5247";"X0.5248";"X0.5249";"X0.5250";"X0.5251";"X0.5252";"X0.5253";"X0.5254";"X0.5255";"X0.5256";"X0.5257";"X0.5258";"X428";"X0.5259";"X0.5260";"X0.5261";"X0.5262";"X0.5263";"X0.5264";"X0.5265";"X0.5266";"X0.5267";"X0.5268";"X0.5269";"X0.5270";"X0.5271";"X0.5272";"X0.5273";"X0.5274";"X0.5275";"X0.5276";"X0.5277";"X102.1";"X0.5278";"X0.5279";"X0.5280";"X0.5281";"X0.5282";"X0.5283";"X0.5284";"X0.5285";"X0.5286";"X0.5287";"X0.5288";"X0.5289";"X0.5290";"X287.1";"X0.5291";"X0.5292";"X0.5293";"X0.5294";"X0.5295";"X0.5296";"X0.5297";"X0.5298";"X0.5299";"X0.5300";"X0.5301";"X0.5302";"X0.5303";"X0.5304";"X0.5305";"X0.5306";"X0.5307";"X0.5308";"X0.5309";"X0.5310";"X0.5311";"X0.5312";"X0.5313";"X0.5314";"X0.5315";"X0.5316";"X0.5317";"X0.5318";"X0.5319";"X0.5320";"X184";"X0.5321";"X0.5322";"X0.5323";"X0.5324";"X0.5325";"X0.5326";"X0.5327";"X0.5328";"X0.5329";"X0.5330";"X0.5331";"X0.5332";"X0.5333";"X0.5334";"X0.5335";"X0.5336";"X0.5337";"X0.5338";"X0.5339";"X0.5340";"X0.5341";"X0.5342";"X0.5343";"X0.5344";"X0.5345";"X0.5346";"X0.5347";"X0.5348";"X0.5349";"X0.5350";"X0.5351";"X0.5352";"X0.5353";"X0.5354";"X0.5355";"X0.5356";"X0.5357";"X0.5358";"X0.5359";"X368";"X0.5360";"X0.5361";"X0.5362";"X0.5363";"X0.5364";"X0.5365";"X0.5366";"X0.5367";"X1051";"X0.5368";"X0.5369";"X0.5370";"X0.5371";"X0.5372";"X0.5373";"X0.5374";"X0.5375";"X0.5376";"X0.5377";"X0.5378";"X0.5379";"X0.5380";"X0.5381";"X0.5382";"X0.5383";"X0.5384";"X0.5385";"X0.5386";"X0.5387";"X0.5388";"X0.5389";"X0.5390";"X0.5391";"X0.5392";"X0.5393";"X0.5394";"X0.5395";"X0.5396";"X0.5397";"X0.5398";"X0.5399";"X0.5400";"X0.5401";"X0.5402";"X933";"X0.5403";"X0.5404";"X0.5405";"X320";"X0.5406";"X0.5407";"X0.5408";"X170";"X185";"X0.5409";"X280";"X0.5410";"X0.5411";"X0.5412";"X0.5413";"X113";"X0.5414";"X0.5415";"X0.5416";"X0.5417";"X0.5418";"X0.5419";"X0.5420";"X0.5421";"X0.5422";"X0.5423";"X0.5424";"X0.5425";"X0.5426";"X0.5427";"X0.5428";"X0.5429";"X0.5430";"X0.5431";"X0.5432";"X0.5433";"X0.5434";"X0.5435";"X0.5436";"X0.5437";"X0.5438";"X0.5439";"X0.5440";"X0.5441";"X0.5442";"X0.5443";"X0.5444";"X0.5445";"X0.5446";"X0.5447";"X0.5448";"X0.5449";"X0.5450";"X0.5451";"X0.5452";"X0.5453";"X0.5454";"X0.5455";"X0.5456";"X0.5457";"X0.5458";"X0.5459";"X0.5460";"X0.5461";"X805";"X0.5462";"X0.5463";"X0.5464";"X0.5465";"X0.5466";"X0.5467";"X0.5468";"X0.5469";"X0.5470";"X0.5471";"X647";"X0.5472";"X0.5473";"X0.5474";"X0.5475";"X0.5476";"X0.5477";"X0.5478";"X0.5479";"X0.5480";"X0.5481";"X0.5482";"X0.5483";"X0.5484";"X0.5485";"X0.5486";"X0.5487";"X0.5488";"X0.5489";"X0.5490";"X0.5491";"X0.5492";"X0.5493";"X0.5494";"X0.5495";"X0.5496";"X0.5497";"X0.5498";"X0.5499";"X0.5500";"X0.5501";"X0.5502";"X0.5503";"X0.5504";"X0.5505";"X0.5506";"X0.5507";"X0.5508";"X0.5509";"X0.5510";"X0.5511";"X0.5512";"X0.5513";"X0.5514";"X0.5515";"X0.5516";"X0.5517";"X0.5518";"X0.5519";"X0.5520";"X0.5521";"X0.5522";"X0.5523";"X0.5524";"X0.5525";"X0.5526";"X0.5527";"X0.5528";"X0.5529";"X0.5530";"X0.5531";"X0.5532";"X0.5533";"X0.5534";"X0.5535";"X0.5536";"X0.5537";"X0.5538";"X0.5539";"X0.5540";"X0.5541";"X0.5542";"X0.5543";"X0.5544";"X0.5545";"X0.5546";"X0.5547";"X0.5548";"X0.5549";"X0.5550";"X0.5551";"X0.5552";"X0.5553";"X0.5554";"X118.2";"X0.5555";"X0.5556";"X0.5557";"X0.5558";"X0.5559";"X0.5560";"X0.5561";"X0.5562";"X0.5563";"X0.5564";"X0.5565";"X0.5566";"X0.5567";"X0.5568";"X0.5569";"X0.5570";"X0.5571";"X0.5572";"X0.5573";"X0.5574";"X0.5575";"X0.5576";"X0.5577";"X0.5578";"X0.5579";"X0.5580";"X0.5581";"X0.5582";"X0.5583";"X0.5584";"X0.5585";"X0.5586";"X0.5587";"X0.5588";"X0.5589";"X0.5590";"X226.1";"X530";"X0.5591";"X0.5592";"X0.5593";"X0.5594";"X0.5595";"X0.5596";"X0.5597";"X509";"X0.5598";"X19";"X0.5599";"X0.5600";"X0.5601";"X0.5602";"X1342";"X0.5603";"X0.5604";"X0.5605";"X0.5606";"X0.5607";"X0.5608";"X0.5609";"X0.5610";"X202.1";"X9";"X0.5611";"X0.5612";"X0.5613";"X87";"X0.5614";"X0.5615";"X0.5616";"X0.5617";"X0.5618";"X0.5619";"X0.5620";"X0.5621";"X0.5622";"X0.5623";"X0.5624";"X84.2";"X0.5625";"X0.5626";"X0.5627";"X0.5628";"X204";"X0.5629";"X0.5630";"X476";"X0.5631";"X0.5632";"X0.5633";"X0.5634";"X0.5635";"X0.5636";"X0.5637";"X0.5638";"X0.5639";"X0.5640";"X0.5641";"X0.5642";"X0.5643";"X0.5644";"X0.5645";"X0.5646";"X0.5647";"X0.5648";"X0.5649";"X0.5650";"X0.5651";"X0.5652";"X0.5653";"X0.5654";"X0.5655";"X0.5656";"X0.5657";"X0.5658";"X0.5659";"X0.5660";"X0.5661";"X0.5662";"X0.5663";"X126";"X0.5664";"X0.5665";"X0.5666";"X0.5667";"X0.5668";"X0.5669";"X0.5670";"X0.5671";"X0.5672";"X0.5673";"X0.5674";"X0.5675";"X0.5676";"X529";"X0.5677";"X0.5678";"X0.5679";"X0.5680";"X0.5681";"X131";"X0.5682";"X0.5683";"X0.5684";"X0.5685";"X0.5686";"X0.5687";"X0.5688";"X0.5689";"X0.5690";"X0.5691";"X0.5692";"X0.5693";"X0.5694";"X0.5695";"X0.5696";"X0.5697";"X0.5698";"X0.5699";"X0.5700";"X0.5701";"X0.5702";"X0.5703";"X0.5704";"X0.5705";"X0.5706";"X0.5707";"X0.5708";"X0.5709";"X0.5710";"X0.5711";"X0.5712";"X0.5713";"X0.5714";"X0.5715";"X0.5716";"X0.5717";"X0.5718";"X0.5719";"X0.5720";"X0.5721";"X0.5722";"X0.5723";"X0.5724";"X0.5725";"X0.5726";"X0.5727";"X0.5728";"X0.5729";"X0.5730";"X0.5731";"X0.5732";"X0.5733";"X0.5734";"X0.5735";"X0.5736";"X0.5737";"X0.5738";"X0.5739";"X462";"X0.5740";"X0.5741";"X0.5742";"X0.5743";"X0.5744";"X0.5745";"X0.5746";"X0.5747";"X0.5748";"X0.5749";"X0.5750";"X0.5751";"X0.5752";"X0.5753";"X0.5754";"X0.5755";"X0.5756";"X0.5757";"X0.5758";"X0.5759";"X0.5760";"X0.5761";"X0.5762";"X0.5763";"X0.5764";"X0.5765";"X0.5766";"X0.5767";"X0.5768";"X0.5769";"X0.5770";"X0.5771";"X0.5772";"X0.5773";"X0.5774";"X0.5775";"X0.5776";"X0.5777";"X0.5778";"X0.5779";"X0.5780";"X0.5781";"X0.5782";"X0.5783";"X0.5784";"X0.5785";"X0.5786";"X0.5787";"X0.5788";"X0.5789";"X0.5790";"X0.5791";"X435";"X0.5792";"X0.5793";"X0.5794";"X0.5795";"X0.5796";"X0.5797";"X0.5798";"X0.5799";"X0.5800";"X0.5801";"X0.5802";"X0.5803";"X0.5804";"X0.5805";"X0.5806";"X0.5807";"X0.5808";"X0.5809";"X0.5810";"X0.5811";"X0.5812";"X0.5813";"X0.5814";"X0.5815";"X0.5816";"X0.5817";"X0.5818";"X0.5819";"X0.5820";"X0.5821";"X0.5822";"X0.5823";"X0.5824";"X0.5825";"X0.5826";"X0.5827";"X0.5828";"X0.5829";"X0.5830";"X0.5831";"X47";"X0.5832";"X1389";"X0.5833";"X0.5834";"X276";"X0.5835";"X0.5836";"X0.5837";"X0.5838";"X0.5839";"X0.5840";"X0.5841";"X0.5842";"X0.5843";"X0.5844";"X0.5845";"X0.5846";"X0.5847";"X0.5848";"X0.5849";"X0.5850";"X0.5851";"X0.5852";"X0.5853";"X0.5854";"X0.5855";"X0.5856";"X0.5857";"X0.5858";"X0.5859";"X0.5860";"X0.5861";"X0.5862";"X194";"X0.5863";"X0.5864";"X0.5865";"X0.5866";"X0.5867";"X0.5868";"X0.5869";"X0.5870";"X829";"X0.5871";"X0.5872";"X0.5873";"X0.5874";"X0.5875";"X0.5876";"X0.5877";"X0.5878";"X0.5879";"X0.5880";"X0.5881";"X0.5882";"X0.5883";"X0.5884";"X0.5885";"X0.5886";"X0.5887";"X0.5888";"X0.5889";"X0.5890";"X0.5891";"X0.5892";"X0.5893";"X0.5894";"X0.5895";"X0.5896";"X0.5897";"X0.5898";"X0.5899";"X0.5900";"X0.5901";"X0.5902";"X0.5903";"X0.5904";"X0.5905";"X0.5906";"X0.5907";"X0.5908";"X0.5909";"X0.5910";"X0.5911";"X0.5912";"X0.5913";"X0.5914";"X0.5915";"X0.5916";"X0.5917";"X0.5918";"X160";"X0.5919";"X0.5920";"X0.5921";"X0.5922";"X0.5923";"X0.5924";"X0.5925";"X0.5926";"X0.5927";"X0.5928";"X0.5929";"X0.5930";"X0.5931";"X0.5932";"X0.5933";"X0.5934";"X0.5935";"X0.5936";"X0.5937";"X0.5938";"X0.5939";"X0.5940";"X0.5941";"X0.5942";"X0.5943";"X0.5944";"X0.5945";"X0.5946";"X0.5947";"X0.5948";"X0.5949";"X0.5950";"X0.5951";"X0.5952";"X0.5953";"X0.5954";"X0.5955";"X0.5956";"X0.5957";"X0.5958";"X0.5959";"X0.5960";"X0.5961";"X0.5962";"X0.5963";"X0.5964";"X0.5965";"X0.5966";"X0.5967";"X0.5968";"X0.5969";"X0.5970";"X0.5971";"X476.1";"X0.5972";"X0.5973";"X0.5974";"X0.5975";"X0.5976";"X320.1";"X0.5977";"X0.5978";"X0.5979";"X0.5980";"X0.5981";"X0.5982";"X0.5983";"X0.5984";"X0.5985";"X0.5986";"X0.5987";"X0.5988";"X0.5989";"X0.5990";"X0.5991";"X0.5992";"X0.5993";"X0.5994";"X0.5995";"X0.5996";"X0.5997";"X0.5998";"X0.5999";"X0.6000";"X0.6001";"X0.6002";"X0.6003";"X0.6004";"X0.6005";"X0.6006";"X0.6007";"X0.6008";"X0.6009";"X0.6010";"X0.6011";"X1406";"X4";"X57";"X1";"X0.6012";"X109";"X26";"X14";"X0.6013";"X0.6014";"X260";"X0.6015";"X0.6016";"X151";"X136.1";"X188";"X0.6017";"X0.6018";"X0.6019";"X112";"X66.3";"X186";"X185.1"
145430485;0;0;0;0;0;0;0;0;0;0;0;0;0;0;0;0;0;0;0;0;0;0;0;0;0;0;0;0;0;0;0;0;0;0;0;0;0;0;0;0;0;0;0;0;0;0;0;0;0;0;0;0;0;0;0;0;0;286;0;0;0;0;0;0;0;0;0;0;0;0;0;0;0;0;0;0;0;0;0;0;0;0;0;0;0;0;528;0;0;0;0;0;1261;0;0;649;0;0;0;0;0;0;0;0;0;0;0;0;0;0;786;0;0;0;52;0;0;0;0;0;0;0;0;330;0;0;0;0;0;0;0;0;0;0;0;0;0;0;0;0;0;0;0;0;0;0;0;0;0;0;0;0;0;0;0;0;0;0;0;0;0;0;0;0;0;0;0;0;0;0;0;0;0;0;0;0;0;0;0;0;0;0;0;0;1384;0;0;0;0;0;0;0;0;0;0;0;0;0;0;0;0;38;0;0;0;0;0;0;0;0;0;0;0;0;0;0;0;259;0;0;0;0;0;0;0;0;0;0;0;0;0;0;0;0;0;0;0;0;0;0;0;414;0;0;0;149;0;0;0;0;0;0;0;0;0;0;0;0;0;0;0;0;0;0;0;0;0;0;0;0;0;1489;246;0;0;0;0;0;0;0;0;0;0;631;0;0;0;0;0;0;0;0;0;0;0;0;0;0;0;0;0;0;0;0;0;0;0;0;0;0;0;0;0;0;0;0;0;0;0;0;0;0;0;0;0;0;0;0;0;0;0;0;0;0;0;0;0;0;0;688;0;0;0;0;0;0;0;0;0;0;0;650;0;0;0;0;0;0;0;387;0;0;0;0;0;0;0;590;0;0;0;0;0;0;0;0;0;0;0;0;0;0;0;0;0;0;0;0;0;0;0;0;0;0;0;0;0;0;0;0;0;0;0;0;0;0;0;0;0;0;0;0;169;0;0;0;0;705;0;0;0;0;0;0;0;0;0;0;0;0;0;0;0;0;0;0;0;0;0;0;0;0;0;0;0;0;0;0;0;601;0;0;0;0;0;0;0;0;0;0;0;1040;0;0;0;0;0;0;0;0;0;0;0;0;0;0;0;0;0;0;0;0;0;0;0;0;0;0;0;0;0;0;314;0;0;0;0;0;0;0;0;0;993;0;0;0;0;0;0;0;0;0;0;0;810;0;1709;0;0;0;0;0;0;0;0;0;0;0;0;236;0;0;0;0;0;0;0;0;0;0;0;0;0;0;0;0;0;0;0;0;0;0;0;0;0;0;0;0;0;0;0;0;0;405;887;0;0;0;0;0;0;0;0;0;0;0;0;0;0;0;0;0;0;0;0;0;0;0;0;156;568;0;0;0;0;0;0;0;0;0;0;0;0;0;0;0;0;0;0;0;0;0;0;0;0;0;0;0;0;0;0;0;0;0;0;0;0;0;0;0;0;0;0;0;0;0;0;0;0;0;0;0;0;0;447;0;0;0;0;0;0;0;1361;0;0;0;0;0;0;0;0;0;0;0;0;0;0;0;0;0;0;0;0;0;0;0;0;0;0;0;0;0;0;0;0;0;0;0;0;0;0;0;0;0;469;0;0;0;0;0;0;0;0;0;0;0;0;0;0;0;0;0;0;0;0;0;0;0;0;0;0;0;0;0;0;0;0;0;0;0;0;0;0;0;0;0;0;0;0;0;0;0;0;0;0;0;0;0;0;0;0;0;0;0;0;0;0;0;0;189;0;0;0;0;0;0;0;0;0;0;0;0;0;0;0;0;0;0;0;0;0;0;0;0;0;0;0;0;0;0;178;0;0;0;0;0;0;0;0;0;0;0;0;0;0;0;0;0;0;0;0;0;0;0;0;0;0;0;0;0;0;0;0;0;0;0;0;0;0;0;0;0;0;0;0;1550;0;0;0;0;0;0;0;0;0;0;0;0;0;0;0;0;0;0;0;0;0;0;0;0;0;0;0;0;0;0;0;0;0;0;0;0;0;0;13;0;0;0;125;0;0;0;0;0;0;206;0;0;66;0;0;0;0;0;0;0;0;0;0;0;0;0;0;0;0;0;0;0;0;0;0;0;0;480;0;0;0;0;0;0;0;0;0;0;0;0;0;0;0;517;0;0;0;0;0;0;0;0;0;0;0;0;0;0;0;0;0;0;0;0;0;0;0;0;0;0;0;0;0;0;0;0;0;0;0;0;0;0;0;0;0;0;0;0;0;0;0;0;0;0;0;0;0;0;0;0;0;0;0;0;0;0;0;0;0;0;0;0;0;0;0;0;0;0;0;0;0;0;0;0;0;0;0;0;0;0;0;0;0;0;0;0;0;0;0;0;0;0;0;0;0;447;0;0;0;0;0;0;0;1708;0;0;0;0;0;0;0;0;0;0;0;0;0;0;0;0;0;0;0;0;0;0;0;0;0;0;0;0;0;0;0;0;0;0;0;51;0;0;0;0;0;694;0;0;0;0;0;175;0;0;0;0;0;0;0;0;0;0;0;0;0;0;0;0;0;0;0;0;0;0;0;0;0;0;0;338;0;0;0;0;0;0;0;0;0;0;0;0;0;0;0;0;0;0;0;0;0;0;0;0;0;0;0;0;0;0;0;0;0;0;0;0;0;0;0;0;0;0;0;0;0;0;0;1219;0;0;0;0;0;0;0;0;0;0;0;0;0;0;0;274;0;0;0;0;0;0;0;0;0;0;0;0;0;0;0;0;514;0;0;0;0;0;0;0;0;0;0;0;0;0;0;0;0;0;0;0;0;0;0;0;0;0;0;0;0;0;2700;0;0;0;0;0;0;0;0;0;0;0;539;0;0;0;0;0;0;0;0;0;0;0;0;0;0;0;0;0;0;0;0;0;0;0;0;0;0;0;0;0;0;0;0;0;0;0;0;0;0;0;0;0;0;0;0;0;0;0;0;0;0;0;0;0;0;0;0;0;0;0;0;0;0;0;0;0;0;0;0;1231;0;0;0;0;0;0;0;0;0;0;0;0;0;0;0;0;0;0;0;0;0;0;0;0;0;0;0;0;0;0;0;0;205;0;0;397;0;0;0;0;0;0;0;0;0;0;495;0;0;0;0;0;0;458;0;0;0;0;0;0;0;0;0;0;0;0;0;0;0;0;0;793;0;0;0;0;0;0;0;0;0;0;0;0;0;0;110;0;0;0;0;0;0;0;317;0;0;0;0;0;0;0;0;0;0;0;0;0;0;0;0;0;0;0;0;0;0;0;0;0;0;0;0;0;0;0;0;0;1935;0;0;0;0;0;0;0;901;0;0;0;0;0;0;0;0;0;0;0;85;0;0;0;0;0;0;125;0;0;0;0;0;0;0;0;0;0;0;0;0;0;0;0;0;0;0;0;0;0;0;0;0;0;0;0;0;0;0;0;0;0;0;0;0;0;0;0;0;0;0;0;0;0;0;0;0;0;0;0;0;0;362;0;0;0;0;0;0;0;0;0;0;0;365;0;0;0;0;0;0;0;0;31;0;0;0;0;0;23;0;0;0;0;0;0;0;0;0;0;0;0;0;0;0;0;0;0;0;0;0;0;0;287;0;777;0;0;0;0;0;0;0;0;0;0;0;0;0;0;0;0;0;0;0;0;0;0;0;0;0;0;0;0;0;0;0;0;0;0;13;0;0;0;0;0;0;0;0;0;0;0;0;0;0;0;0;0;0;0;0;0;0;0;0;0;0;0;0;0;0;0;0;0;0;0;0;0;0;0;0;0;0;0;0;0;0;0;0;0;0;0;0;0;0;0;0;0;0;0;0;0;0;0;0;0;0;0;0;0;0;0;0;0;0;0;1099;0;0;0;0;0;0;0;0;0;0;0;0;0;0;0;0;0;0;0;1418;0;0;0;0;0;0;0;0;0;0;0;0;0;0;0;0;0;0;0;0;0;0;0;0;0;0;0;0;0;0;0;0;0;0;0;0;0;0;0;0;0;56;0;0;0;0;0;0;0;0;0;0;0;0;0;0;0;0;0;0;0;0;0;0;0;0;0;0;0;0;0;0;0;0;0;0;602;0;0;0;0;0;0;0;0;0;0;0;0;0;0;1100;0;460;0;0;0;27;0;0;0;0;0;0;0;0;0;0;0;0;437;0;0;0;0;0;0;0;0;0;0;0;0;0;0;0;0;0;0;0;0;0;0;0;0;0;0;0;0;0;0;0;0;134;0;0;0;0;0;0;0;0;0;0;361;0;0;1019;0;0;0;0;0;0;0;0;0;0;0;0;0;0;0;0;0;0;0;0;0;0;0;0;0;0;0;0;0;1832;0;0;0;512;0;0;0;0;0;0;0;0;0;0;0;0;0;0;0;0;0;0;0;0;0;0;0;0;0;2002;0;0;0;618;0;157;0;0;0;0;0;0;0;0;0;0;0;0;0;0;0;0;0;0;0;0;0;0;0;0;0;0;0;0;0;0;0;0;0;0;0;0;0;0;0;0;0;0;0;0;0;0;0;158;0;0;0;0;0;0;0;0;0;0;0;0;0;0;0;0;0;0;0;0;0;0;0;0;630;0;0;0;202;0;0;0;0;0;0;0;0;0;0;0;0;0;0;0;0;0;0;0;0;0;0;0;0;0;0;0;0;0;0;0;406;0;0;0;0;0;0;0;0;0;0;0;566;0;0;0;0;0;0;655;0;0;0;0;0;0;0;0;0;0;0;0;0;0;0;0;0;0;0;0;0;0;0;0;0;0;0;0;0;0;0;0;0;0;7;0;0;0;0;0;0;0;0;0;0;0;0;0;0;823;0;0;0;0;0;0;0;0;0;0;0;0;0;0;0;0;0;66;0;0;0;0;0;0;0;0;0;0;0;686;0;0;0;0;0;0;0;0;0;0;0;0;0;0;0;0;0;0;0;0;0;0;0;0;0;0;0;0;0;209;0;0;0;0;0;0;0;0;213;0;0;0;0;0;0;0;0;0;0;0;0;0;0;0;0;0;0;0;0;0;0;0;0;0;0;572;0;0;0;0;0;0;0;0;0;0;0;0;0;0;0;0;190;0;0;0;0;0;0;0;0;0;0;0;0;0;0;0;0;0;0;0;0;0;0;0;0;0;0;0;0;0;0;0;0;0;0;0;0;0;0;0;0;0;0;0;0;0;0;0;0;0;0;0;0;0;0;0;0;0;0;0;0;0;0;0;0;0;1532;0;0;0;0;0;0;0;0;0;0;0;0;0;0;0;0;0;0;0;0;0;0;0;0;0;0;0;0;0;0;0;0;0;0;0;0;243;0;0;84;340;0;0;0;0;0;0;0;0;0;0;0;0;604;0;0;571;0;0;0;0;0;0;0;0;0;0;0;0;0;0;384;0;0;0;0;0;0;0;0;0;0;0;0;0;0;0;0;0;0;0;0;0;0;0;0;0;0;0;0;0;0;0;0;0;0;0;0;0;0;0;0;0;0;0;539;0;0;0;0;0;0;0;0;0;0;0;0;0;0;0;0;0;0;0;84;0;0;0;0;0;0;0;0;0;0;0;0;0;0;1141;0;0;0;120;0;0;870;0;733;0;0;0;0;0;0;7;0;0;0;0;0;0;0;0;0;0;0;0;0;0;0;0;0;0;0;0;0;941;0;0;0;0;0;0;0;0;0;0;0;0;0;0;0;0;0;0;0;0;0;0;0;0;0;0;0;0;0;0;0;0;0;0;0;0;0;0;0;0;0;0;0;0;0;0;0;0;0;0;0;0;0;0;94;0;0;0;0;0;0;0;0;0;0;0;0;0;0;0;0;0;0;0;0;0;0;0;0;0;0;0;0;0;0;0;0;0;0;0;0;0;0;0;0;0;843;0;0;0;0;0;0;0;0;0;0;1329;0;0;0;0;0;0;0;0;0;0;0;0;0;0;0;0;0;0;0;0;0;0;0;0;0;0;0;0;0;0;0;0;0;0;0;0;0;0;0;0;0;0;0;0;0;0;391;0;0;0;0;0;0;0;0;0;0;0;0;0;0;0;0;0;0;0;0;0;0;0;0;403;0;168;0;0;0;0;0;0;0;0;0;0;0;0;0;0;0;0;0;0;53;0;0;0;0;136;0;0;0;0;0;0;0;0;0;0;0;0;0;0;0;0;0;0;0;0;1026;0;0;0;0;0;0;0;0;0;0;0;0;0;0;0;0;0;0;0;0;0;0;0;0;0;0;0;0;0;0;0;0;0;0;0;0;0;0;0;0;0;0;0;0;0;0;0;0;0;0;0;0;0;0;0;0;0;0;0;0;0;0;0;0;0;236;0;0;0;0;0;0;0;0;0;0;0;0;0;0;0;0;0;0;0;0;0;0;0;0;0;0;0;0;0;950;0;0;0;0;0;0;0;0;0;0;0;0;0;0;0;0;0;0;0;0;0;0;0;0;0;0;6;0;0;0;0;0;0;0;0;0;0;0;0;0;0;0;0;707;0;0;637;0;0;0;0;0;0;0;0;0;0;0;0;0;0;0;0;0;0;0;0;0;0;0;0;0;0;0;0;0;0;0;0;0;0;0;0;0;0;0;0;0;688;0;0;0;0;0;0;0;0;0;0;0;0;0;0;0;0;0;0;0;0;0;0;0;0;0;0;0;0;0;0;0;0;0;0;0;0;0;0;0;0;0;0;0;0;0;0;0;0;0;0;0;0;0;0;42;0;0;0;0;0;0;0;0;0;0;0;0;0;0;0;0;0;0;0;0;0;0;0;0;0;0;0;0;0;0;0;0;0;0;0;0;0;0;0;58;0;0;0;0;0;0;0;0;0;0;0;0;0;0;0;0;0;0;0;0;0;0;0;0;0;0;0;0;0;0;0;0;0;0;0;0;0;0;0;0;0;0;0;0;0;0;0;0;0;0;102;0;0;0;0;0;0;0;0;0;0;0;0;0;0;0;0;0;0;0;0;0;0;0;0;0;0;0;0;0;0;0;0;0;0;0;0;0;0;0;0;0;0;0;0;0;0;0;0;0;0;0;0;0;0;0;0;0;0;0;0;0;0;0;506;0;0;0;0;0;0;0;0;0;0;0;0;0;0;0;0;0;0;0;0;0;0;1050;0;0;0;0;0;0;0;0;0;0;0;0;0;537;0;0;0;0;0;0;0;0;0;0;0;0;0;0;0;0;0;0;0;0;0;0;0;0;0;0;0;0;0;0;0;0;0;0;0;0;0;0;0;0;0;0;0;0;0;0;153;0;0;0;0;0;0;0;0;0;0;0;0;0;0;0;0;0;33;0;0;0;0;0;0;0;0;0;0;0;0;0;0;0;0;0;0;0;0;0;0;0;0;0;0;0;0;0;0;0;0;336;0;0;0;0;211;0;0;0;0;0;0;0;0;0;0;0;0;0;0;0;0;1735;0;0;0;0;0;0;0;0;0;626;0;0;0;0;0;0;0;0;0;0;0;0;0;0;0;0;0;0;0;0;0;0;0;0;56;0;0;0;0;0;0;0;0;0;0;0;0;0;0;0;0;0;0;0;0;0;0;0;0;0;0;0;0;0;0;0;0;0;0;0;0;0;0;0;466;0;0;0;0;0;0;0;0;0;0;0;0;0;0;0;0;0;0;0;0;0;0;0;0;0;0;0;0;0;0;0;0;0;0;0;0;0;0;0;1310;0;0;0;0;354;0;0;0;0;0;0;0;0;0;0;0;0;0;0;0;0;0;0;0;0;0;0;0;0;0;0;0;0;0;0;0;0;0;0;0;0;0;0;0;0;0;0;0;0;0;0;0;0;0;0;0;0;0;0;0;0;0;900;0;0;0;0;0;0;0;0;0;0;0;0;0;0;0;0;0;0;0;0;732;0;0;0;0;0;0;0;0;0;0;629;0;0;0;0;0;0;0;0;0;0;0;0;0;0;0;0;0;0;0;0;0;0;0;713;0;0;0;0;0;0;0;0;0;0;0;0;0;0;0;0;0;0;0;0;0;0;0;0;0;0;0;0;0;0;0;0;0;0;0;0;0;0;0;154;0;974;0;0;0;216;0;0;0;0;0;0;0;0;0;0;0;0;0;0;0;0;0;0;0;0;0;0;0;783;0;0;0;0;0;0;0;0;0;0;0;0;0;0;0;0;0;0;0;0;0;0;0;0;0;0;0;0;0;0;0;0;0;0;0;0;0;169;0;779;0;0;714;264;226;0;0;218;0;0;0;0;0;0;0;183;0;0;685;0;0;0;0;0;0;0;0;0;0;0;0;0;0;0;0;256;0;0;0;0;0;0;0;0;0;0;0;0;0;0;0;0;0;0;0;0;0;0;0;0;0;0;0;0;0;0;0;0;0;0;0;0;0;0;0;0;0;0;0;0;0;0;0;0;0;0;0;0;0;0;0;256;0;0;0;0;0;0;0;0;0;0;0;0;0;0;0;0;0;0;0;0;0;0;0;0;0;0;0;0;0;0;0;0;0;0;0;0;0;0;0;191;0;0;0;0;0;0;0;0;0;0;0;0;0;0;0;0;0;0;0;0;0;360;0;0;0;0;0;0;0;0;0;0;0;0;0;0;0;0;0;0;0;0;0;0;0;0;0;0;0;0;0;0;1429;0;0;0;0;0;0;0;0;0;0;0;0;0;0;0;0;0;0;0;0;0;0;0;0;0;0;0;0;0;0;0;0;0;0;0;0;0;0;0;0;0;0;0;0;0;0;0;0;0;0;0;0;0;0;0;0;0;0;0;0;0;0;0;0;0;0;0;0;0;0;0;0;0;0;0;0;0;0;0;696;0;0;0;0;0;0;0;0;0;0;0;0;0;0;0;0;0;0;0;267;0;0;0;0;0;0;0;0;0;0;0;0;0;0;0;0;733;0;0;0;0;0;0;0;0;0;0;0;0;0;0;0;0;0;0;0;0;0;0;0;0;0;0;0;0;0;0;0;0;0;0;0;0;0;0;0;0;0;0;0;0;0;0;0;0;0;0;0;0;0;0;0;0;0;0;0;0;0;0;0;0;0;0;0;0;0;0;0;0;0;0;0;0;0;340;0;0;0;0;0;0;0;0;0;0;0;0;0;0;0;0;0;0;0;0;0;0;0;0;0;1065;0;0;0;0;0;0;0;0;0;0;0;0;0;0;0;0;0;493;0;0;0;0;0;0;0;0;0;0;0;0;0;0;0;0;0;0;0;0;0;0;0;0;0;0;0;0;0;0;0;0;0;0;0;0;0;0;0;0;0;0;0;0;0;0;953;0;0;0;0;0;0;0;0;0;0;0;0;0;0;0;0;0;0;256;881;0;0;0;0;0;0;0;0;0;0;0;0;0;0;0;0;0;0;0;0;0;0;0;0;0;0;0;0;165;0;0;0;0;526;0;0;0;0;0;0;0;0;0;0;0;0;0;0;0;0;0;0;0;0;0;0;0;0;0;0;0;0;0;0;0;0;0;0;0;0;0;0;0;0;0;0;0;315;0;0;0;0;0;0;0;0;0;0;0;0;0;0;0;0;0;0;0;0;0;0;0;0;0;0;0;0;52;0;0;29;0;0;0;0;0;0;0;0;0;0;0;0;0;0;0;0;0;0;0;1255;0;0;0;0;0;0;0;0;0;0;0;0;0;0;0;0;0;0;0;0;0;0;0;0;0;0;0;0;0;0;0;0;0;0;0;0;0;0;0;0;0;0;0;0;0;0;0;0;0;0;0;0;0;0;0;0;0;0;0;192;0;0;0;0;0;0;0;0;0;0;0;0;0;0;0;0;0;0;0;0;0;0;0;0;0;0;0;0;0;0;0;0;0;0;0;0;0;0;0;0;0;0;0;0;0;0;0;0;0;0;0;0;0;0;0;0;0;0;0;721;0;0;0;0;0;0;0;0;0;0;0;0;0;0;0;111;0;0;0;0;0;0;350;0;0;0;0;0;0;0;0;0;0;0;0;879;0;0;0;0;0;0;0;0;0;0;0;0;0;0;0;0;0;0;0;0;0;0;0;0;0;0;0;0;0;0;0;0;0;0;0;0;0;0;0;0;0;0;0;0;0;0;0;0;0;0;0;0;0;0;0;0;0;0;0;0;0;0;157;0;0;0;0;0;923;0;0;0;0;0;0;0;0;0;0;0;0;0;0;0;0;0;0;0;0;0;0;0;0;0;0;0;0;0;0;0;0;0;0;0;0;0;0;0;1278;0;0;0;0;0;0;0;0;0;0;0;0;0;0;0;0;0;0;0;0;0;0;0;0;0;0;0;337;0;0;0;0;60;0;0;0;0;0;0;0;0;0;0;0;0;300;0;0;0;0;0;0;0;0;0;0;0;0;0;0;0;0;0;0;0;477;0;0;0;0;0;0;0;0;0;0;0;210;0;881;0;0;0;0;0;0;0;0;100;0;0;0;0;0;0;0;0;0;315;0;0;0;0;0;0;0;0;0;0;0;0;0;0;0;0;0;0;0;0;0;1592;0;0;0;0;0;0;0;0;0;0;0;0;0;0;0;0;0;0;0;0;0;0;0;0;0;0;1556;0;354;0;0;0;0;0;0;0;0;0;0;0;0;0;0;0;0;0;0;0;0;0;0;0;0;0;0;0;1086;0;0;0;0;0;0;0;0;0;0;0;0;0;0;0;0;0;0;0;0;0;0;0;0;0;0;0;0;0;0;0;0;0;0;0;0;0;0;0;0;0;0;0;0;0;0;0;0;0;0;0;0;0;0;437;0;0;0;0;0;0;0;0;0;0;0;0;0;0;0;0;0;0;0;0;0;0;0;0;0;0;0;0;0;0;0;0;0;0;0;0;0;0;0;0;0;0;289;0;0;0;0;0;0;0;0;0;0;0;0;0;0;0;0;0;0;0;0;0;0;0;0;0;0;0;0;0;0;0;0;0;0;0;0;0;0;0;0;0;0;0;0;0;0;0;0;0;0;0;118;0;0;0;0;0;0;0;0;0;0;0;0;0;0;0;0;0;0;0;0;0;0;0;0;0;0;114;930;0;669;147;0;562;367;0;0;0;0;74;0;0;66;0;21;0;0;0;0;0;0;228;0;0;0;0;0;0;0;0;0;0;0;0;0;1489;0;0;0;0;0;0;0;0;0;0;0;0;0;0;0;0;176;0;0;0;0;0;0;0;0;0;0;0;0;0;0;0;0;0;0;0;0;0;0;0;0;0;0;0;0;0;0;0;0;0;0;0;0;0;0;0;0;0;0;0;0;0;0;0;0;0;0;0;0;157;0;0;0;0;0;0;0;0;0;0;0;0;0;0;0;0;0;0;0;0;0;0;0;1370;0;0;0;0;0;0;0;0;0;0;0;0;0;0;0;0;0;0;0;0;0;0;0;0;0;0;0;0;0;0;0;0;0;0;0;0;0;0;0;0;0;0;0;0;0;0;0;0;0;0;0;0;0;0;0;0;0;0;0;0;0;0;0;0;0;0;0;18;0;0;0;0;0;0;0;0;0;0;655;0;0;0;0;0;0;0;0;0;0;0;0;0;0;0;0;0;0;0;0;0;0;0;0;0;0;0;0;0;0;0;0;0;0;0;0;0;0;0;0;0;0;340;0;0;0;0;0;0;0;0;272;0;0;0;0;0;0;0;0;0;0;0;0;0;0;0;0;0;0;179;0;0;0;0;0;0;0;0;0;0;0;0;0;0;0;556;0;0;0;0;0;0;0;0;0;0;0;0;0;0;0;0;0;0;0;0;0;0;0;0;0;0;0;0;0;0;0;0;0;1588;0;0;0;0;0;0;0;0;0;0;0;0;0;0;0;0;0;0;0;0;0;0;1169;0;0;1006;72;0;0;0;0;0;0;0;0;0;0;0;0;0;0;0;0;0;0;0;0;0;0;0;0;0;0;0;0;0;0;0;0;0;0;0;0;0;0;0;0;0;0;0;0;0;0;0;0;0;0;0;0;0;0;0;0;0;0;0;0;0;0;0;0;667;0;0;130;0;0;0;18;95;0;0;0;43;0;0;0;0;0;0;0;0;0;0;0;0;0;0;0;0;0;0;0;0;0;0;0;0;0;0;0;0;0;0;0;0;0;0;0;0;0;0;0;0;0;0;0;0;0;0;0;0;0;0;0;0;0;0;0;0;0;0;0;0;0;0;0;0;0;0;0;0;0;0;1065;0;118;0;0;0;0;0;0;0;0;0;0;0;0;0;0;0;0;0;0;0;0;0;0;0;0;0;750;0;0;0;411;0;0;0;0;0;0;0;0;0;0;0;0;0;0;838;0;0;0;0;0;0;0;0;0;0;0;0;417;0;0;0;0;0;0;0;0;0;0;0;0;0;0;0;0;0;0;0;0;0;0;0;0;0;0;0;0;0;0;0;0;0;0;0;0;0;0;0;0;0;0;0;0;0;0;0;0;0;0;0;0;0;0;0;0;0;0;0;0;0;0;0;0;0;0;0;0;0;0;0;0;0;0;0;0;0;49;0;0;0;0;0;0;0;0;0;0;408;0;0;0;0;0;0;0;0;0;0;0;0;428;0;0;0;0;0;0;0;0;0;0;0;0;0;0;0;0;0;0;0;102;0;0;0;0;0;0;0;0;0;0;0;0;0;287;0;0;0;0;0;0;0;0;0;0;0;0;0;0;0;0;0;0;0;0;0;0;0;0;0;0;0;0;0;0;184;0;0;0;0;0;0;0;0;0;0;0;0;0;0;0;0;0;0;0;0;0;0;0;0;0;0;0;0;0;0;0;0;0;0;0;0;0;0;0;368;0;0;0;0;0;0;0;0;1051;0;0;0;0;0;0;0;0;0;0;0;0;0;0;0;0;0;0;0;0;0;0;0;0;0;0;0;0;0;0;0;0;0;0;0;933;0;0;0;320;0;0;0;170;185;0;280;0;0;0;0;113;0;0;0;0;0;0;0;0;0;0;0;0;0;0;0;0;0;0;0;0;0;0;0;0;0;0;0;0;0;0;0;0;0;0;0;0;0;0;0;0;0;0;0;0;0;0;0;0;805;0;0;0;0;0;0;0;0;0;0;647;0;0;0;0;0;0;0;0;0;0;0;0;0;0;0;0;0;0;0;0;0;0;0;0;0;0;0;0;0;0;0;0;0;0;0;0;0;0;0;0;0;0;0;0;0;0;0;0;0;0;0;0;0;0;0;0;0;0;0;0;0;0;0;0;0;0;0;0;0;0;0;0;0;0;0;0;0;0;0;0;0;0;0;118;0;0;0;0;0;0;0;0;0;0;0;0;0;0;0;0;0;0;0;0;0;0;0;0;0;0;0;0;0;0;0;0;0;0;0;0;226;530;0;0;0;0;0;0;0;509;0;19;0;0;0;0;1342;0;0;0;0;0;0;0;0;202;9;0;0;0;87;0;0;0;0;0;0;0;0;0;0;0;84;0;0;0;0;204;0;0;476;0;0;0;0;0;0;0;0;0;0;0;0;0;0;0;0;0;0;0;0;0;0;0;0;0;0;0;0;0;0;0;0;0;126;0;0;0;0;0;0;0;0;0;0;0;0;0;529;0;0;0;0;0;131;0;0;0;0;0;0;0;0;0;0;0;0;0;0;0;0;0;0;0;0;0;0;0;0;0;0;0;0;0;0;0;0;0;0;0;0;0;0;0;0;0;0;0;0;0;0;0;0;0;0;0;0;0;0;0;0;0;0;462;0;0;0;0;0;0;0;0;0;0;0;0;0;0;0;0;0;0;0;0;0;0;0;0;0;0;0;0;0;0;0;0;0;0;0;0;0;0;0;0;0;0;0;0;0;0;0;0;0;0;0;0;435;0;0;0;0;0;0;0;0;0;0;0;0;0;0;0;0;0;0;0;0;0;0;0;0;0;0;0;0;0;0;0;0;0;0;0;0;0;0;0;0;47;0;1389;0;0;276;0;0;0;0;0;0;0;0;0;0;0;0;0;0;0;0;0;0;0;0;0;0;0;0;0;0;0;0;194;0;0;0;0;0;0;0;0;829;0;0;0;0;0;0;0;0;0;0;0;0;0;0;0;0;0;0;0;0;0;0;0;0;0;0;0;0;0;0;0;0;0;0;0;0;0;0;0;0;0;0;0;0;0;0;0;0;160;0;0;0;0;0;0;0;0;0;0;0;0;0;0;0;0;0;0;0;0;0;0;0;0;0;0;0;0;0;0;0;0;0;0;0;0;0;0;0;0;0;0;0;0;0;0;0;0;0;0;0;0;0;476;0;0;0;0;0;320;0;0;0;0;0;0;0;0;0;0;0;0;0;0;0;0;0;0;0;0;0;0;0;0;0;0;0;0;0;0;0;0;0;0;0;1406;4;57;1;0;109;26;14;0;0;260;0;0;151;136;188;0;0;0;112;66;186;185
148958877;0;0;0;0;0;0;0;0;0;0;0;0;0;0;0;0;0;0;0;0;0;0;0;0;0;0;0;0;0;0;0;0;0;0;0;0;0;0;0;0;0;0;0;0;0;0;0;0;0;0;0;0;0;0;0;0;0;286;0;0;0;0;0;0;0;0;0;0;0;0;0;0;0;0;0;0;0;0;0;0;0;0;0;0;0;0;528;0;0;0;0;0;1261;0;0;649;0;0;0;0;0;0;0;0;0;0;0;0;0;0;786;0;0;0;52;0;0;0;0;0;0;0;0;330;0;0;0;0;0;0;0;0;0;0;0;0;0;0;0;0;0;0;0;0;0;0;0;0;0;0;0;0;0;0;0;0;0;0;0;0;0;0;0;0;0;0;0;0;0;0;0;0;0;0;0;0;0;0;0;0;0;0;0;0;1384;0;0;0;0;0;0;0;0;0;0;0;0;0;0;0;0;38;0;0;0;0;0;0;0;0;0;0;0;0;0;0;0;259;0;0;0;0;0;0;0;0;0;0;0;0;0;0;0;0;0;0;0;0;0;0;0;414;0;0;0;149;0;0;0;0;0;0;0;0;0;0;0;0;0;0;0;0;0;0;0;0;0;0;0;0;0;1489;246;0;0;0;0;0;0;0;0;0;0;631;0;0;0;0;0;0;0;0;0;0;0;0;0;0;0;0;0;0;0;0;0;0;0;0;0;0;0;0;0;0;0;0;0;0;0;0;0;0;0;0;0;0;0;0;0;0;0;0;0;0;0;0;0;0;0;688;0;0;0;0;0;0;0;0;0;0;0;650;0;0;0;0;0;0;0;387;0;0;0;0;0;0;0;590;0;0;0;0;0;0;0;0;0;0;0;0;0;0;0;0;0;0;0;0;0;0;0;0;0;0;0;0;0;0;0;0;0;0;0;0;0;0;0;0;0;0;0;0;169;0;0;0;0;705;0;0;0;0;0;0;0;0;0;0;0;0;0;0;0;0;0;0;0;0;0;0;0;0;0;0;0;0;0;0;0;601;0;0;0;0;0;0;0;0;0;0;0;1040;0;0;0;0;0;0;0;0;0;0;0;0;0;0;0;0;0;0;0;0;0;0;0;0;0;0;0;0;0;0;314;0;0;0;0;0;0;0;0;0;993;0;0;0;0;0;0;0;0;0;0;0;810;0;1709;0;0;0;0;0;0;0;0;0;0;0;0;236;0;0;0;0;0;0;0;0;0;0;0;0;0;0;0;0;0;0;0;0;0;0;0;0;0;0;0;0;0;0;0;0;0;405;887;0;0;0;0;0;0;0;0;0;0;0;0;0;0;0;0;0;0;0;0;0;0;0;0;156;568;0;0;0;0;0;0;0;0;0;0;0;0;0;0;0;0;0;0;0;0;0;0;0;0;0;0;0;0;0;0;0;0;0;0;0;0;0;0;0;0;0;0;0;0;0;0;0;0;0;0;0;0;0;447;0;0;0;0;0;0;0;1361;0;0;0;0;0;0;0;0;0;0;0;0;0;0;0;0;0;0;0;0;0;0;0;0;0;0;0;0;0;0;0;0;0;0;0;0;0;0;0;0;0;469;0;0;0;0;0;0;0;0;0;0;0;0;0;0;0;0;0;0;0;0;0;0;0;0;0;0;0;0;0;0;0;0;0;0;0;0;0;0;0;0;0;0;0;0;0;0;0;0;0;0;0;0;0;0;0;0;0;0;0;0;0;0;0;0;189;0;0;0;0;0;0;0;0;0;0;0;0;0;0;0;0;0;0;0;0;0;0;0;0;0;0;0;0;0;0;178;0;0;0;0;0;0;0;0;0;0;0;0;0;0;0;0;0;0;0;0;0;0;0;0;0;0;0;0;0;0;0;0;0;0;0;0;0;0;0;0;0;0;0;0;1550;0;0;0;0;0;0;0;0;0;0;0;0;0;0;0;0;0;0;0;0;0;0;0;0;0;0;0;0;0;0;0;0;0;0;0;0;0;0;13;0;0;0;125;0;0;0;0;0;0;206;0;0;66;0;0;0;0;0;0;0;0;0;0;0;0;0;0;0;0;0;0;0;0;0;0;0;0;480;0;0;0;0;0;0;0;0;0;0;0;0;0;0;0;517;0;0;0;0;0;0;0;0;0;0;0;0;0;0;0;0;0;0;0;0;0;0;0;0;0;0;0;0;0;0;0;0;0;0;0;0;0;0;0;0;0;0;0;0;0;0;0;0;0;0;0;0;0;0;0;0;0;0;0;0;0;0;0;0;0;0;0;0;0;0;0;0;0;0;0;0;0;0;0;0;0;0;0;0;0;0;0;0;0;0;0;0;0;0;0;0;0;0;0;0;0;447;0;0;0;0;0;0;0;1708;0;0;0;0;0;0;0;0;0;0;0;0;0;0;0;0;0;0;0;0;0;0;0;0;0;0;0;0;0;0;0;0;0;0;0;51;0;0;0;0;0;694;0;0;0;0;0;175;0;0;0;0;0;0;0;0;0;0;0;0;0;0;0;0;0;0;0;0;0;0;0;0;0;0;0;338;0;0;0;0;0;0;0;0;0;0;0;0;0;0;0;0;0;0;0;0;0;0;0;0;0;0;0;0;0;0;0;0;0;0;0;0;0;0;0;0;0;0;0;0;0;0;0;1219;0;0;0;0;0;0;0;0;0;0;0;0;0;0;0;274;0;0;0;0;0;0;0;0;0;0;0;0;0;0;0;0;514;0;0;0;0;0;0;0;0;0;0;0;0;0;0;0;0;0;0;0;0;0;0;0;0;0;0;0;0;0;2700;0;0;0;0;0;0;0;0;0;0;0;539;0;0;0;0;0;0;0;0;0;0;0;0;0;0;0;0;0;0;0;0;0;0;0;0;0;0;0;0;0;0;0;0;0;0;0;0;0;0;0;0;0;0;0;0;0;0;0;0;0;0;0;0;0;0;0;0;0;0;0;0;0;0;0;0;0;0;0;0;1231;0;0;0;0;0;0;0;0;0;0;0;0;0;0;0;0;0;0;0;0;0;0;0;0;0;0;0;0;0;0;0;0;205;0;0;397;0;0;0;0;0;0;0;0;0;0;495;0;0;0;0;0;0;458;0;0;0;0;0;0;0;0;0;0;0;0;0;0;0;0;0;793;0;0;0;0;0;0;0;0;0;0;0;0;0;0;110;0;0;0;0;0;0;0;317;0;0;0;0;0;0;0;0;0;0;0;0;0;0;0;0;0;0;0;0;0;0;0;0;0;0;0;0;0;0;0;0;0;1935;0;0;0;0;0;0;0;901;0;0;0;0;0;0;0;0;0;0;0;85;0;0;0;0;0;0;125;0;0;0;0;0;0;0;0;0;0;0;0;0;0;0;0;0;0;0;0;0;0;0;0;0;0;0;0;0;0;0;0;0;0;0;0;0;0;0;0;0;0;0;0;0;0;0;0;0;0;0;0;0;0;362;0;0;0;0;0;0;0;0;0;0;0;365;0;0;0;0;0;0;0;0;31;0;0;0;0;0;23;0;0;0;0;0;0;0;0;0;0;0;0;0;0;0;0;0;0;0;0;0;0;0;287;0;777;0;0;0;0;0;0;0;0;0;0;0;0;0;0;0;0;0;0;0;0;0;0;0;0;0;0;0;0;0;0;0;0;0;0;13;0;0;0;0;0;0;0;0;0;0;0;0;0;0;0;0;0;0;0;0;0;0;0;0;0;0;0;0;0;0;0;0;0;0;0;0;0;0;0;0;0;0;0;0;0;0;0;0;0;0;0;0;0;0;0;0;0;0;0;0;0;0;0;0;0;0;0;0;0;0;0;0;0;0;0;1099;0;0;0;0;0;0;0;0;0;0;0;0;0;0;0;0;0;0;0;1418;0;0;0;0;0;0;0;0;0;0;0;0;0;0;0;0;0;0;0;0;0;0;0;0;0;0;0;0;0;0;0;0;0;0;0;0;0;0;0;0;0;56;0;0;0;0;0;0;0;0;0;0;0;0;0;0;0;0;0;0;0;0;0;0;0;0;0;0;0;0;0;0;0;0;0;0;602;0;0;0;0;0;0;0;0;0;0;0;0;0;0;1100;0;460;0;0;0;27;0;0;0;0;0;0;0;0;0;0;0;0;437;0;0;0;0;0;0;0;0;0;0;0;0;0;0;0;0;0;0;0;0;0;0;0;0;0;0;0;0;0;0;0;0;134;0;0;0;0;0;0;0;0;0;0;361;0;0;1019;0;0;0;0;0;0;0;0;0;0;0;0;0;0;0;0;0;0;0;0;0;0;0;0;0;0;0;0;0;1832;0;0;0;512;0;0;0;0;0;0;0;0;0;0;0;0;0;0;0;0;0;0;0;0;0;0;0;0;0;2002;0;0;0;618;0;157;0;0;0;0;0;0;0;0;0;0;0;0;0;0;0;0;0;0;0;0;0;0;0;0;0;0;0;0;0;0;0;0;0;0;0;0;0;0;0;0;0;0;0;0;0;0;0;158;0;0;0;0;0;0;0;0;0;0;0;0;0;0;0;0;0;0;0;0;0;0;0;0;630;0;0;0;202;0;0;0;0;0;0;0;0;0;0;0;0;0;0;0;0;0;0;0;0;0;0;0;0;0;0;0;0;0;0;0;406;0;0;0;0;0;0;0;0;0;0;0;566;0;0;0;0;0;0;655;0;0;0;0;0;0;0;0;0;0;0;0;0;0;0;0;0;0;0;0;0;0;0;0;0;0;0;0;0;0;0;0;0;0;7;0;0;0;0;0;0;0;0;0;0;0;0;0;0;823;0;0;0;0;0;0;0;0;0;0;0;0;0;0;0;0;0;66;0;0;0;0;0;0;0;0;0;0;0;686;0;0;0;0;0;0;0;0;0;0;0;0;0;0;0;0;0;0;0;0;0;0;0;0;0;0;0;0;0;209;0;0;0;0;0;0;0;0;213;0;0;0;0;0;0;0;0;0;0;0;0;0;0;0;0;0;0;0;0;0;0;0;0;0;0;572;0;0;0;0;0;0;0;0;0;0;0;0;0;0;0;0;190;0;0;0;0;0;0;0;0;0;0;0;0;0;0;0;0;0;0;0;0;0;0;0;0;0;0;0;0;0;0;0;0;0;0;0;0;0;0;0;0;0;0;0;0;0;0;0;0;0;0;0;0;0;0;0;0;0;0;0;0;0;0;0;0;0;1532;0;0;0;0;0;0;0;0;0;0;0;0;0;0;0;0;0;0;0;0;0;0;0;0;0;0;0;0;0;0;0;0;0;0;0;0;243;0;0;84;340;0;0;0;0;0;0;0;0;0;0;0;0;604;0;0;571;0;0;0;0;0;0;0;0;0;0;0;0;0;0;384;0;0;0;0;0;0;0;0;0;0;0;0;0;0;0;0;0;0;0;0;0;0;0;0;0;0;0;0;0;0;0;0;0;0;0;0;0;0;0;0;0;0;0;539;0;0;0;0;0;0;0;0;0;0;0;0;0;0;0;0;0;0;0;84;0;0;0;0;0;0;0;0;0;0;0;0;0;0;1141;0;0;0;120;0;0;870;0;733;0;0;0;0;0;0;7;0;0;0;0;0;0;0;0;0;0;0;0;0;0;0;0;0;0;0;0;0;941;0;0;0;0;0;0;0;0;0;0;0;0;0;0;0;0;0;0;0;0;0;0;0;0;0;0;0;0;0;0;0;0;0;0;0;0;0;0;0;0;0;0;0;0;0;0;0;0;0;0;0;0;0;0;94;0;0;0;0;0;0;0;0;0;0;0;0;0;0;0;0;0;0;0;0;0;0;0;0;0;0;0;0;0;0;0;0;0;0;0;0;0;0;0;0;0;843;0;0;0;0;0;0;0;0;0;0;1329;0;0;0;0;0;0;0;0;0;0;0;0;0;0;0;0;0;0;0;0;0;0;0;0;0;0;0;0;0;0;0;0;0;0;0;0;0;0;0;0;0;0;0;0;0;0;391;0;0;0;0;0;0;0;0;0;0;0;0;0;0;0;0;0;0;0;0;0;0;0;0;403;0;168;0;0;0;0;0;0;0;0;0;0;0;0;0;0;0;0;0;0;53;0;0;0;0;136;0;0;0;0;0;0;0;0;0;0;0;0;0;0;0;0;0;0;0;0;1026;0;0;0;0;0;0;0;0;0;0;0;0;0;0;0;0;0;0;0;0;0;0;0;0;0;0;0;0;0;0;0;0;0;0;0;0;0;0;0;0;0;0;0;0;0;0;0;0;0;0;0;0;0;0;0;0;0;0;0;0;0;0;0;0;0;236;0;0;0;0;0;0;0;0;0;0;0;0;0;0;0;0;0;0;0;0;0;0;0;0;0;0;0;0;0;950;0;0;0;0;0;0;0;0;0;0;0;0;0;0;0;0;0;0;0;0;0;0;0;0;0;0;6;0;0;0;0;0;0;0;0;0;0;0;0;0;0;0;0;707;0;0;637;0;0;0;0;0;0;0;0;0;0;0;0;0;0;0;0;0;0;0;0;0;0;0;0;0;0;0;0;0;0;0;0;0;0;0;0;0;0;0;0;0;688;0;0;0;0;0;0;0;0;0;0;0;0;0;0;0;0;0;0;0;0;0;0;0;0;0;0;0;0;0;0;0;0;0;0;0;0;0;0;0;0;0;0;0;0;0;0;0;0;0;0;0;0;0;0;42;0;0;0;0;0;0;0;0;0;0;0;0;0;0;0;0;0;0;0;0;0;0;0;0;0;0;0;0;0;0;0;0;0;0;0;0;0;0;0;58;0;0;0;0;0;0;0;0;0;0;0;0;0;0;0;0;0;0;0;0;0;0;0;0;0;0;0;0;0;0;0;0;0;0;0;0;0;0;0;0;0;0;0;0;0;0;0;0;0;0;102;0;0;0;0;0;0;0;0;0;0;0;0;0;0;0;0;0;0;0;0;0;0;0;0;0;0;0;0;0;0;0;0;0;0;0;0;0;0;0;0;0;0;0;0;0;0;0;0;0;0;0;0;0;0;0;0;0;0;0;0;0;0;0;506;0;0;0;0;0;0;0;0;0;0;0;0;0;0;0;0;0;0;0;0;0;0;1050;0;0;0;0;0;0;0;0;0;0;0;0;0;537;0;0;0;0;0;0;0;0;0;0;0;0;0;0;0;0;0;0;0;0;0;0;0;0;0;0;0;0;0;0;0;0;0;0;0;0;0;0;0;0;0;0;0;0;0;0;153;0;0;0;0;0;0;0;0;0;0;0;0;0;0;0;0;0;33;0;0;0;0;0;0;0;0;0;0;0;0;0;0;0;0;0;0;0;0;0;0;0;0;0;0;0;0;0;0;0;0;336;0;0;0;0;211;0;0;0;0;0;0;0;0;0;0;0;0;0;0;0;0;1735;0;0;0;0;0;0;0;0;0;626;0;0;0;0;0;0;0;0;0;0;0;0;0;0;0;0;0;0;0;0;0;0;0;0;56;0;0;0;0;0;0;0;0;0;0;0;0;0;0;0;0;0;0;0;0;0;0;0;0;0;0;0;0;0;0;0;0;0;0;0;0;0;0;0;466;0;0;0;0;0;0;0;0;0;0;0;0;0;0;0;0;0;0;0;0;0;0;0;0;0;0;0;0;0;0;0;0;0;0;0;0;0;0;0;1310;0;0;0;0;354;0;0;0;0;0;0;0;0;0;0;0;0;0;0;0;0;0;0;0;0;0;0;0;0;0;0;0;0;0;0;0;0;0;0;0;0;0;0;0;0;0;0;0;0;0;0;0;0;0;0;0;0;0;0;0;0;0;900;0;0;0;0;0;0;0;0;0;0;0;0;0;0;0;0;0;0;0;0;732;0;0;0;0;0;0;0;0;0;0;629;0;0;0;0;0;0;0;0;0;0;0;0;0;0;0;0;0;0;0;0;0;0;0;713;0;0;0;0;0;0;0;0;0;0;0;0;0;0;0;0;0;0;0;0;0;0;0;0;0;0;0;0;0;0;0;0;0;0;0;0;0;0;0;154;0;974;0;0;0;216;0;0;0;0;0;0;0;0;0;0;0;0;0;0;0;0;0;0;0;0;0;0;0;783;0;0;0;0;0;0;0;0;0;0;0;0;0;0;0;0;0;0;0;0;0;0;0;0;0;0;0;0;0;0;0;0;0;0;0;0;0;169;0;779;0;0;714;264;226;0;0;218;0;0;0;0;0;0;0;183;0;0;685;0;0;0;0;0;0;0;0;0;0;0;0;0;0;0;0;256;0;0;0;0;0;0;0;0;0;0;0;0;0;0;0;0;0;0;0;0;0;0;0;0;0;0;0;0;0;0;0;0;0;0;0;0;0;0;0;0;0;0;0;0;0;0;0;0;0;0;0;0;0;0;0;256;0;0;0;0;0;0;0;0;0;0;0;0;0;0;0;0;0;0;0;0;0;0;0;0;0;0;0;0;0;0;0;0;0;0;0;0;0;0;0;191;0;0;0;0;0;0;0;0;0;0;0;0;0;0;0;0;0;0;0;0;0;360;0;0;0;0;0;0;0;0;0;0;0;0;0;0;0;0;0;0;0;0;0;0;0;0;0;0;0;0;0;0;1429;0;0;0;0;0;0;0;0;0;0;0;0;0;0;0;0;0;0;0;0;0;0;0;0;0;0;0;0;0;0;0;0;0;0;0;0;0;0;0;0;0;0;0;0;0;0;0;0;0;0;0;0;0;0;0;0;0;0;0;0;0;0;0;0;0;0;0;0;0;0;0;0;0;0;0;0;0;0;0;696;0;0;0;0;0;0;0;0;0;0;0;0;0;0;0;0;0;0;0;267;0;0;0;0;0;0;0;0;0;0;0;0;0;0;0;0;733;0;0;0;0;0;0;0;0;0;0;0;0;0;0;0;0;0;0;0;0;0;0;0;0;0;0;0;0;0;0;0;0;0;0;0;0;0;0;0;0;0;0;0;0;0;0;0;0;0;0;0;0;0;0;0;0;0;0;0;0;0;0;0;0;0;0;0;0;0;0;0;0;0;0;0;0;0;340;0;0;0;0;0;0;0;0;0;0;0;0;0;0;0;0;0;0;0;0;0;0;0;0;0;1065;0;0;0;0;0;0;0;0;0;0;0;0;0;0;0;0;0;493;0;0;0;0;0;0;0;0;0;0;0;0;0;0;0;0;0;0;0;0;0;0;0;0;0;0;0;0;0;0;0;0;0;0;0;0;0;0;0;0;0;0;0;0;0;0;953;0;0;0;0;0;0;0;0;0;0;0;0;0;0;0;0;0;0;256;881;0;0;0;0;0;0;0;0;0;0;0;0;0;0;0;0;0;0;0;0;0;0;0;0;0;0;0;0;165;0;0;0;0;526;0;0;0;0;0;0;0;0;0;0;0;0;0;0;0;0;0;0;0;0;0;0;0;0;0;0;0;0;0;0;0;0;0;0;0;0;0;0;0;0;0;0;0;315;0;0;0;0;0;0;0;0;0;0;0;0;0;0;0;0;0;0;0;0;0;0;0;0;0;0;0;0;52;0;0;29;0;0;0;0;0;0;0;0;0;0;0;0;0;0;0;0;0;0;0;1255;0;0;0;0;0;0;0;0;0;0;0;0;0;0;0;0;0;0;0;0;0;0;0;0;0;0;0;0;0;0;0;0;0;0;0;0;0;0;0;0;0;0;0;0;0;0;0;0;0;0;0;0;0;0;0;0;0;0;0;192;0;0;0;0;0;0;0;0;0;0;0;0;0;0;0;0;0;0;0;0;0;0;0;0;0;0;0;0;0;0;0;0;0;0;0;0;0;0;0;0;0;0;0;0;0;0;0;0;0;0;0;0;0;0;0;0;0;0;0;721;0;0;0;0;0;0;0;0;0;0;0;0;0;0;0;111;0;0;0;0;0;0;350;0;0;0;0;0;0;0;0;0;0;0;0;879;0;0;0;0;0;0;0;0;0;0;0;0;0;0;0;0;0;0;0;0;0;0;0;0;0;0;0;0;0;0;0;0;0;0;0;0;0;0;0;0;0;0;0;0;0;0;0;0;0;0;0;0;0;0;0;0;0;0;0;0;0;0;157;0;0;0;0;0;923;0;0;0;0;0;0;0;0;0;0;0;0;0;0;0;0;0;0;0;0;0;0;0;0;0;0;0;0;0;0;0;0;0;0;0;0;0;0;0;1278;0;0;0;0;0;0;0;0;0;0;0;0;0;0;0;0;0;0;0;0;0;0;0;0;0;0;0;337;0;0;0;0;60;0;0;0;0;0;0;0;0;0;0;0;0;300;0;0;0;0;0;0;0;0;0;0;0;0;0;0;0;0;0;0;0;477;0;0;0;0;0;0;0;0;0;0;0;210;0;881;0;0;0;0;0;0;0;0;100;0;0;0;0;0;0;0;0;0;315;0;0;0;0;0;0;0;0;0;0;0;0;0;0;0;0;0;0;0;0;0;1592;0;0;0;0;0;0;0;0;0;0;0;0;0;0;0;0;0;0;0;0;0;0;0;0;0;0;1599;2;283;26;0;0;0;0;0;0;0;0;0;0;0;0;0;0;0;0;0;0;0;0;0;0;0;0;0;0;1086;0;0;0;0;0;0;0;0;0;0;0;0;0;0;0;0;0;0;0;0;0;0;0;0;0;0;0;0;0;0;0;0;0;0;0;0;0;0;0;0;0;0;0;0;0;0;0;0;0;0;0;0;0;0;437;0;0;0;0;0;0;0;0;0;0;0;0;0;0;0;0;0;0;0;0;0;0;0;0;0;0;0;0;0;0;0;0;0;0;0;0;0;0;0;0;0;0;289;0;0;0;0;0;0;0;0;0;0;0;0;0;0;0;0;0;0;0;0;0;0;0;0;0;0;0;0;0;0;0;0;0;0;0;0;0;0;0;0;0;0;0;0;0;0;0;0;0;0;0;118;0;0;0;0;0;0;0;0;0;0;0;0;0;0;0;0;0;0;0;0;0;0;0;0;0;0;114;930;0;669;147;0;562;367;0;0;0;0;74;0;0;66;0;21;0;0;0;0;0;0;228;0;0;0;0;0;0;0;0;0;0;0;0;0;1489;0;0;0;0;0;0;0;0;0;0;0;0;0;0;0;0;176;0;0;0;0;0;0;0;0;0;0;0;0;0;0;0;0;0;0;0;0;0;0;0;0;0;0;0;0;0;0;0;0;0;0;0;0;0;0;0;0;0;0;0;0;0;0;0;0;0;0;0;0;157;0;0;0;0;0;0;0;0;0;0;0;0;0;0;0;0;0;0;0;0;0;0;0;1370;0;0;0;0;0;0;0;0;0;0;0;0;0;0;0;0;0;0;0;0;0;0;0;0;0;0;0;0;0;0;0;0;0;0;0;0;0;0;0;0;0;0;0;0;0;0;0;0;0;0;0;0;0;0;0;0;0;0;0;0;0;0;0;0;0;0;0;18;0;0;0;0;0;0;0;0;0;0;655;0;0;0;0;0;0;0;0;0;0;0;0;0;0;0;0;0;0;0;0;0;0;0;0;0;0;0;0;0;0;0;0;0;0;0;0;0;0;0;0;0;0;340;0;0;0;0;0;0;0;0;272;0;0;0;0;0;0;0;0;0;0;0;0;0;0;0;0;0;0;179;0;0;0;0;0;0;0;0;0;0;0;0;0;0;0;556;0;0;0;0;0;0;0;0;0;0;0;0;0;0;0;0;0;0;0;0;0;0;0;0;0;0;0;0;0;0;0;0;0;1588;0;0;0;0;0;0;0;0;0;0;0;0;0;0;0;0;0;0;0;0;0;0;1169;0;0;1006;72;0;0;0;0;0;0;0;0;0;0;0;0;0;0;0;0;0;0;0;0;0;0;0;0;0;0;0;0;0;0;0;0;0;0;0;0;0;0;0;0;0;0;0;0;0;0;0;0;0;0;0;0;0;0;0;0;0;0;0;0;0;0;0;0;667;0;0;130;0;0;0;18;95;0;0;0;43;0;0;0;0;0;0;0;0;0;0;0;0;0;0;0;0;0;0;0;0;0;0;0;0;0;0;0;0;0;0;0;0;0;0;0;0;0;0;0;0;0;0;0;0;0;0;0;0;0;0;0;0;0;0;0;0;0;0;0;0;0;0;0;0;0;0;0;0;0;0;1065;0;118;0;0;0;0;0;0;0;0;0;0;0;0;0;0;0;0;0;0;0;0;0;0;0;0;0;750;0;0;0;411;0;0;0;0;0;0;0;0;0;0;0;0;0;0;838;0;0;0;0;0;0;0;0;0;0;0;0;417;0;0;0;0;0;0;0;0;0;0;0;0;0;0;0;0;0;0;0;0;0;0;0;0;0;0;0;0;0;0;0;0;0;0;0;0;0;0;0;0;0;0;0;0;0;0;0;0;0;0;0;0;0;0;0;0;0;0;0;0;0;0;0;0;0;0;0;0;0;0;0;0;0;0;0;0;0;49;0;0;0;0;0;0;0;0;0;0;408;0;0;0;0;0;0;0;0;0;0;0;0;428;0;0;0;0;0;0;0;0;0;0;0;0;0;0;0;0;0;0;0;102;0;0;0;0;0;0;0;0;0;0;0;0;0;287;0;0;0;0;0;0;0;0;0;0;0;0;0;0;0;0;0;0;0;0;0;0;0;0;0;0;0;0;0;0;184;0;0;0;0;0;0;0;0;0;0;0;0;0;0;0;0;0;0;0;0;0;0;0;0;0;0;0;0;0;0;0;0;0;0;0;0;0;0;0;368;0;0;0;0;0;0;0;0;1051;0;0;0;0;0;0;0;0;0;0;0;0;0;0;0;0;0;0;0;0;0;0;0;0;0;0;0;0;0;0;0;0;0;0;0;933;0;0;0;320;0;0;0;170;185;0;280;0;0;0;0;113;0;0;0;0;0;0;0;0;0;0;0;0;0;0;0;0;0;0;0;0;0;0;0;0;0;0;0;0;0;0;0;0;0;0;0;0;0;0;0;0;0;0;0;0;0;0;0;0;805;0;0;0;0;0;0;0;0;0;0;647;0;0;0;0;0;0;0;0;0;0;0;0;0;0;0;0;0;0;0;0;0;0;0;0;0;0;0;0;0;0;0;0;0;0;0;0;0;0;0;0;0;0;0;0;0;0;0;0;0;0;0;0;0;0;0;0;0;0;0;0;0;0;0;0;0;0;0;0;0;0;0;0;0;0;0;0;0;0;0;0;0;0;0;118;0;0;0;0;0;0;0;0;0;0;0;0;0;0;0;0;0;0;0;0;0;0;0;0;0;0;0;0;0;0;0;0;0;0;0;0;226;530;0;0;0;0;0;0;0;509;0;19;0;0;0;0;1342;0;0;0;0;0;0;0;0;202;9;0;0;0;87;0;0;0;0;0;0;0;0;0;0;0;84;0;0;0;0;204;0;0;476;0;0;0;0;0;0;0;0;0;0;0;0;0;0;0;0;0;0;0;0;0;0;0;0;0;0;0;0;0;0;0;0;0;126;0;0;0;0;0;0;0;0;0;0;0;0;0;529;0;0;0;0;0;131;0;0;0;0;0;0;0;0;0;0;0;0;0;0;0;0;0;0;0;0;0;0;0;0;0;0;0;0;0;0;0;0;0;0;0;0;0;0;0;0;0;0;0;0;0;0;0;0;0;0;0;0;0;0;0;0;0;0;462;0;0;0;0;0;0;0;0;0;0;0;0;0;0;0;0;0;0;0;0;0;0;0;0;0;0;0;0;0;0;0;0;0;0;0;0;0;0;0;0;0;0;0;0;0;0;0;0;0;0;0;0;435;0;0;0;0;0;0;0;0;0;0;0;0;0;0;0;0;0;0;0;0;0;0;0;0;0;0;0;0;0;0;0;0;0;0;0;0;0;0;0;0;47;0;1389;0;0;276;0;0;0;0;0;0;0;0;0;0;0;0;0;0;0;0;0;0;0;0;0;0;0;0;0;0;0;0;194;0;0;0;0;0;0;0;0;829;0;0;0;0;0;0;0;0;0;0;0;0;0;0;0;0;0;0;0;0;0;0;0;0;0;0;0;0;0;0;0;0;0;0;0;0;0;0;0;0;0;0;0;0;0;0;0;0;160;0;0;0;0;0;0;0;0;0;0;0;0;0;0;0;0;0;0;0;0;0;0;0;0;0;0;0;0;0;0;0;0;0;0;0;0;0;0;0;0;0;0;0;0;0;0;0;0;0;0;0;0;0;476;0;0;0;0;0;320;0;0;0;0;0;0;0;0;0;0;0;0;0;0;0;0;0;0;0;0;0;0;0;0;0;0;0;0;0;0;0;0;0;0;0;871;547;50;0;0;109;26;14;0;0;260;0;0;151;136;188;0;0;0;112;66;186;185
146220813;0;0;0;0;0;0;0;0;0;0;0;0;0;0;0;0;0;0;0;0;0;0;0;0;0;0;0;0;0;0;0;0;0;0;0;0;0;0;0;0;0;0;0;0;0;0;0;0;0;0;0;0;0;0;0;0;0;286;0;0;0;0;0;0;0;0;0;0;0;0;0;0;0;0;0;0;0;0;0;0;0;0;0;0;0;0;528;0;0;0;0;0;1261;0;0;649;0;0;0;0;0;0;0;0;0;0;0;0;0;0;786;0;0;0;52;0;0;0;0;0;0;0;0;330;0;0;0;0;0;0;0;0;0;0;0;0;0;0;0;0;0;0;0;0;0;0;0;0;0;0;0;0;0;0;0;0;0;0;0;0;0;0;0;0;0;0;0;0;0;0;0;0;0;0;0;0;0;0;0;0;0;0;0;0;1384;0;0;0;0;0;0;0;0;0;0;0;0;0;0;0;0;38;0;0;0;0;0;0;0;0;0;0;0;0;0;0;0;259;0;0;0;0;0;0;0;0;0;0;0;0;0;0;0;0;0;0;0;0;0;0;0;414;0;0;0;149;0;0;0;0;0;0;0;0;0;0;0;0;0;0;0;0;0;0;0;0;0;0;0;0;0;1489;246;0;0;0;0;0;0;0;0;0;0;631;0;0;0;0;0;0;0;0;0;0;0;0;0;0;0;0;0;0;0;0;0;0;0;0;0;0;0;0;0;0;0;0;0;0;0;0;0;0;0;0;0;0;0;0;0;0;0;0;0;0;0;0;0;0;0;688;0;0;0;0;0;0;0;0;0;0;0;650;0;0;0;0;0;0;0;387;0;0;0;0;0;0;0;590;0;0;0;0;0;0;0;0;0;0;0;0;0;0;0;0;0;0;0;0;0;0;0;0;0;0;0;0;0;0;0;0;0;0;0;0;0;0;0;0;0;0;0;0;169;0;0;0;0;705;0;0;0;0;0;0;0;0;0;0;0;0;0;0;0;0;0;0;0;0;0;0;0;0;0;0;0;0;0;0;0;601;0;0;0;0;0;0;0;0;0;0;0;1040;0;0;0;0;0;0;0;0;0;0;0;0;0;0;0;0;0;0;0;0;0;0;0;0;0;0;0;0;0;0;314;0;0;0;0;0;0;0;0;0;993;0;0;0;0;0;0;0;0;0;0;0;810;0;1709;0;0;0;0;0;0;0;0;0;0;0;0;236;0;0;0;0;0;0;0;0;0;0;0;0;0;0;0;0;0;0;0;0;0;0;0;0;0;0;0;0;0;0;0;0;0;405;887;0;0;0;0;0;0;0;0;0;0;0;0;0;0;0;0;0;0;0;0;0;0;0;0;156;568;0;0;0;0;0;0;0;0;0;0;0;0;0;0;0;0;0;0;0;0;0;0;0;0;0;0;0;0;0;0;0;0;0;0;0;0;0;0;0;0;0;0;0;0;0;0;0;0;0;0;0;0;0;447;0;0;0;0;0;0;0;1361;0;0;0;0;0;0;0;0;0;0;0;0;0;0;0;0;0;0;0;0;0;0;0;0;0;0;0;0;0;0;0;0;0;0;0;0;0;0;0;0;0;469;0;0;0;0;0;0;0;0;0;0;0;0;0;0;0;0;0;0;0;0;0;0;0;0;0;0;0;0;0;0;0;0;0;0;0;0;0;0;0;0;0;0;0;0;0;0;0;0;0;0;0;0;0;0;0;0;0;0;0;0;0;0;0;0;189;0;0;0;0;0;0;0;0;0;0;0;0;0;0;0;0;0;0;0;0;0;0;0;0;0;0;0;0;0;0;178;0;0;0;0;0;0;0;0;0;0;0;0;0;0;0;0;0;0;0;0;0;0;0;0;0;0;0;0;0;0;0;0;0;0;0;0;0;0;0;0;0;0;0;0;1550;0;0;0;0;0;0;0;0;0;0;0;0;0;0;0;0;0;0;0;0;0;0;0;0;0;0;0;0;0;0;0;0;0;0;0;0;0;0;13;0;0;0;125;0;0;0;0;0;0;206;0;0;66;0;0;0;0;0;0;0;0;0;0;0;0;0;0;0;0;0;0;0;0;0;0;0;0;480;0;0;0;0;0;0;0;0;0;0;0;0;0;0;0;517;0;0;0;0;0;0;0;0;0;0;0;0;0;0;0;0;0;0;0;0;0;0;0;0;0;0;0;0;0;0;0;0;0;0;0;0;0;0;0;0;0;0;0;0;0;0;0;0;0;0;0;0;0;0;0;0;0;0;0;0;0;0;0;0;0;0;0;0;0;0;0;0;0;0;0;0;0;0;0;0;0;0;0;0;0;0;0;0;0;0;0;0;0;0;0;0;0;0;0;0;0;447;0;0;0;0;0;0;0;1708;0;0;0;0;0;0;0;0;0;0;0;0;0;0;0;0;0;0;0;0;0;0;0;0;0;0;0;0;0;0;0;0;0;0;0;51;0;0;0;0;0;694;0;0;0;0;0;175;0;0;0;0;0;0;0;0;0;0;0;0;0;0;0;0;0;0;0;0;0;0;0;0;0;0;0;338;0;0;0;0;0;0;0;0;0;0;0;0;0;0;0;0;0;0;0;0;0;0;0;0;0;0;0;0;0;0;0;0;0;0;0;0;0;0;0;0;0;0;0;0;0;0;0;1219;0;0;0;0;0;0;0;0;0;0;0;0;0;0;0;274;0;0;0;0;0;0;0;0;0;0;0;0;0;0;0;0;514;0;0;0;0;0;0;0;0;0;0;0;0;0;0;0;0;0;0;0;0;0;0;0;0;0;0;0;0;0;2700;0;0;0;0;0;0;0;0;0;0;0;539;0;0;0;0;0;0;0;0;0;0;0;0;0;0;0;0;0;0;0;0;0;0;0;0;0;0;0;0;0;0;0;0;0;0;0;0;0;0;0;0;0;0;0;0;0;0;0;0;0;0;0;0;0;0;0;0;0;0;0;0;0;0;0;0;0;0;0;0;1231;0;0;0;0;0;0;0;0;0;0;0;0;0;0;0;0;0;0;0;0;0;0;0;0;0;0;0;0;0;0;0;0;205;0;0;397;0;0;0;0;0;0;0;0;0;0;495;0;0;0;0;0;0;458;0;0;0;0;0;0;0;0;0;0;0;0;0;0;0;0;0;793;0;0;0;0;0;0;0;0;0;0;0;0;0;0;110;0;0;0;0;0;0;0;317;0;0;0;0;0;0;0;0;0;0;0;0;0;0;0;0;0;0;0;0;0;0;0;0;0;0;0;0;0;0;0;0;0;1935;0;0;0;0;0;0;0;901;0;0;0;0;0;0;0;0;0;0;0;85;0;0;0;0;0;0;125;0;0;0;0;0;0;0;0;0;0;0;0;0;0;0;0;0;0;0;0;0;0;0;0;0;0;0;0;0;0;0;0;0;0;0;0;0;0;0;0;0;0;0;0;0;0;0;0;0;0;0;0;0;0;362;0;0;0;0;0;0;0;0;0;0;0;365;0;0;0;0;0;0;0;0;31;0;0;0;0;0;23;0;0;0;0;0;0;0;0;0;0;0;0;0;0;0;0;0;0;0;0;0;0;0;287;0;777;0;0;0;0;0;0;0;0;0;0;0;0;0;0;0;0;0;0;0;0;0;0;0;0;0;0;0;0;0;0;0;0;0;0;13;0;0;0;0;0;0;0;0;0;0;0;0;0;0;0;0;0;0;0;0;0;0;0;0;0;0;0;0;0;0;0;0;0;0;0;0;0;0;0;0;0;0;0;0;0;0;0;0;0;0;0;0;0;0;0;0;0;0;0;0;0;0;0;0;0;0;0;0;0;0;0;0;0;0;0;1099;0;0;0;0;0;0;0;0;0;0;0;0;0;0;0;0;0;0;0;1418;0;0;0;0;0;0;0;0;0;0;0;0;0;0;0;0;0;0;0;0;0;0;0;0;0;0;0;0;0;0;0;0;0;0;0;0;0;0;0;0;0;56;0;0;0;0;0;0;0;0;0;0;0;0;0;0;0;0;0;0;0;0;0;0;0;0;0;0;0;0;0;0;0;0;0;0;602;0;0;0;0;0;0;0;0;0;0;0;0;0;0;1100;0;460;0;0;0;27;0;0;0;0;0;0;0;0;0;0;0;0;437;0;0;0;0;0;0;0;0;0;0;0;0;0;0;0;0;0;0;0;0;0;0;0;0;0;0;0;0;0;0;0;0;134;0;0;0;0;0;0;0;0;0;0;361;0;0;1019;0;0;0;0;0;0;0;0;0;0;0;0;0;0;0;0;0;0;0;0;0;0;0;0;0;0;0;0;0;1832;0;0;0;512;0;0;0;0;0;0;0;0;0;0;0;0;0;0;0;0;0;0;0;0;0;0;0;0;0;2002;0;0;0;618;0;157;0;0;0;0;0;0;0;0;0;0;0;0;0;0;0;0;0;0;0;0;0;0;0;0;0;0;0;0;0;0;0;0;0;0;0;0;0;0;0;0;0;0;0;0;0;0;0;158;0;0;0;0;0;0;0;0;0;0;0;0;0;0;0;0;0;0;0;0;0;0;0;0;630;0;0;0;202;0;0;0;0;0;0;0;0;0;0;0;0;0;0;0;0;0;0;0;0;0;0;0;0;0;0;0;0;0;0;0;406;0;0;0;0;0;0;0;0;0;0;0;566;0;0;0;0;0;0;655;0;0;0;0;0;0;0;0;0;0;0;0;0;0;0;0;0;0;0;0;0;0;0;0;0;0;0;0;0;0;0;0;0;0;7;0;0;0;0;0;0;0;0;0;0;0;0;0;0;823;0;0;0;0;0;0;0;0;0;0;0;0;0;0;0;0;0;66;0;0;0;0;0;0;0;0;0;0;0;686;0;0;0;0;0;0;0;0;0;0;0;0;0;0;0;0;0;0;0;0;0;0;0;0;0;0;0;0;0;209;0;0;0;0;0;0;0;0;213;0;0;0;0;0;0;0;0;0;0;0;0;0;0;0;0;0;0;0;0;0;0;0;0;0;0;572;0;0;0;0;0;0;0;0;0;0;0;0;0;0;0;0;190;0;0;0;0;0;0;0;0;0;0;0;0;0;0;0;0;0;0;0;0;0;0;0;0;0;0;0;0;0;0;0;0;0;0;0;0;0;0;0;0;0;0;0;0;0;0;0;0;0;0;0;0;0;0;0;0;0;0;0;0;0;0;0;0;0;1532;0;0;0;0;0;0;0;0;0;0;0;0;0;0;0;0;0;0;0;0;0;0;0;0;0;0;0;0;0;0;0;0;0;0;0;0;243;0;0;84;340;0;0;0;0;0;0;0;0;0;0;0;0;604;0;0;571;0;0;0;0;0;0;0;0;0;0;0;0;0;0;384;0;0;0;0;0;0;0;0;0;0;0;0;0;0;0;0;0;0;0;0;0;0;0;0;0;0;0;0;0;0;0;0;0;0;0;0;0;0;0;0;0;0;0;539;0;0;0;0;0;0;0;0;0;0;0;0;0;0;0;0;0;0;0;84;0;0;0;0;0;0;0;0;0;0;0;0;0;0;1141;0;0;0;120;0;0;870;0;733;0;0;0;0;0;0;7;0;0;0;0;0;0;0;0;0;0;0;0;0;0;0;0;0;0;0;0;0;941;0;0;0;0;0;0;0;0;0;0;0;0;0;0;0;0;0;0;0;0;0;0;0;0;0;0;0;0;0;0;0;0;0;0;0;0;0;0;0;0;0;0;0;0;0;0;0;0;0;0;0;0;0;0;94;0;0;0;0;0;0;0;0;0;0;0;0;0;0;0;0;0;0;0;0;0;0;0;0;0;0;0;0;0;0;0;0;0;0;0;0;0;0;0;0;0;843;0;0;0;0;0;0;0;0;0;0;1329;0;0;0;0;0;0;0;0;0;0;0;0;0;0;0;0;0;0;0;0;0;0;0;0;0;0;0;0;0;0;0;0;0;0;0;0;0;0;0;0;0;0;0;0;0;0;391;0;0;0;0;0;0;0;0;0;0;0;0;0;0;0;0;0;0;0;0;0;0;0;0;403;0;168;0;0;0;0;0;0;0;0;0;0;0;0;0;0;0;0;0;0;53;0;0;0;0;136;0;0;0;0;0;0;0;0;0;0;0;0;0;0;0;0;0;0;0;0;1026;0;0;0;0;0;0;0;0;0;0;0;0;0;0;0;0;0;0;0;0;0;0;0;0;0;0;0;0;0;0;0;0;0;0;0;0;0;0;0;0;0;0;0;0;0;0;0;0;0;0;0;0;0;0;0;0;0;0;0;0;0;0;0;0;0;236;0;0;0;0;0;0;0;0;0;0;0;0;0;0;0;0;0;0;0;0;0;0;0;0;0;0;0;0;0;950;0;0;0;0;0;0;0;0;0;0;0;0;0;0;0;0;0;0;0;0;0;0;0;0;0;0;6;0;0;0;0;0;0;0;0;0;0;0;0;0;0;0;0;707;0;0;637;0;0;0;0;0;0;0;0;0;0;0;0;0;0;0;0;0;0;0;0;0;0;0;0;0;0;0;0;0;0;0;0;0;0;0;0;0;0;0;0;0;688;0;0;0;0;0;0;0;0;0;0;0;0;0;0;0;0;0;0;0;0;0;0;0;0;0;0;0;0;0;0;0;0;0;0;0;0;0;0;0;0;0;0;0;0;0;0;0;0;0;0;0;0;0;0;42;0;0;0;0;0;0;0;0;0;0;0;0;0;0;0;0;0;0;0;0;0;0;0;0;0;0;0;0;0;0;0;0;0;0;0;0;0;0;0;58;0;0;0;0;0;0;0;0;0;0;0;0;0;0;0;0;0;0;0;0;0;0;0;0;0;0;0;0;0;0;0;0;0;0;0;0;0;0;0;0;0;0;0;0;0;0;0;0;0;0;102;0;0;0;0;0;0;0;0;0;0;0;0;0;0;0;0;0;0;0;0;0;0;0;0;0;0;0;0;0;0;0;0;0;0;0;0;0;0;0;0;0;0;0;0;0;0;0;0;0;0;0;0;0;0;0;0;0;0;0;0;0;0;0;506;0;0;0;0;0;0;0;0;0;0;0;0;0;0;0;0;0;0;0;0;0;0;1050;0;0;0;0;0;0;0;0;0;0;0;0;0;537;0;0;0;0;0;0;0;0;0;0;0;0;0;0;0;0;0;0;0;0;0;0;0;0;0;0;0;0;0;0;0;0;0;0;0;0;0;0;0;0;0;0;0;0;0;0;153;0;0;0;0;0;0;0;0;0;0;0;0;0;0;0;0;0;33;0;0;0;0;0;0;0;0;0;0;0;0;0;0;0;0;0;0;0;0;0;0;0;0;0;0;0;0;0;0;0;0;336;0;0;0;0;211;0;0;0;0;0;0;0;0;0;0;0;0;0;0;0;0;1735;0;0;0;0;0;0;0;0;0;626;0;0;0;0;0;0;0;0;0;0;0;0;0;0;0;0;0;0;0;0;0;0;0;0;56;0;0;0;0;0;0;0;0;0;0;0;0;0;0;0;0;0;0;0;0;0;0;0;0;0;0;0;0;0;0;0;0;0;0;0;0;0;0;0;466;0;0;0;0;0;0;0;0;0;0;0;0;0;0;0;0;0;0;0;0;0;0;0;0;0;0;0;0;0;0;0;0;0;0;0;0;0;0;0;1310;0;0;0;0;354;0;0;0;0;0;0;0;0;0;0;0;0;0;0;0;0;0;0;0;0;0;0;0;0;0;0;0;0;0;0;0;0;0;0;0;0;0;0;0;0;0;0;0;0;0;0;0;0;0;0;0;0;0;0;0;0;0;900;0;0;0;0;0;0;0;0;0;0;0;0;0;0;0;0;0;0;0;0;732;0;0;0;0;0;0;0;0;0;0;629;0;0;0;0;0;0;0;0;0;0;0;0;0;0;0;0;0;0;0;0;0;0;0;713;0;0;0;0;0;0;0;0;0;0;0;0;0;0;0;0;0;0;0;0;0;0;0;0;0;0;0;0;0;0;0;0;0;0;0;0;0;0;0;154;0;974;0;0;0;216;0;0;0;0;0;0;0;0;0;0;0;0;0;0;0;0;0;0;0;0;0;0;0;783;0;0;0;0;0;0;0;0;0;0;0;0;0;0;0;0;0;0;0;0;0;0;0;0;0;0;0;0;0;0;0;0;0;0;0;0;0;169;0;779;0;0;714;264;226;0;0;218;0;0;0;0;0;0;0;183;0;0;685;0;0;0;0;0;0;0;0;0;0;0;0;0;0;0;0;256;0;0;0;0;0;0;0;0;0;0;0;0;0;0;0;0;0;0;0;0;0;0;0;0;0;0;0;0;0;0;0;0;0;0;0;0;0;0;0;0;0;0;0;0;0;0;0;0;0;0;0;0;0;0;0;256;0;0;0;0;0;0;0;0;0;0;0;0;0;0;0;0;0;0;0;0;0;0;0;0;0;0;0;0;0;0;0;0;0;0;0;0;0;0;0;191;0;0;0;0;0;0;0;0;0;0;0;0;0;0;0;0;0;0;0;0;0;360;0;0;0;0;0;0;0;0;0;0;0;0;0;0;0;0;0;0;0;0;0;0;0;0;0;0;0;0;0;0;1429;0;0;0;0;0;0;0;0;0;0;0;0;0;0;0;0;0;0;0;0;0;0;0;0;0;0;0;0;0;0;0;0;0;0;0;0;0;0;0;0;0;0;0;0;0;0;0;0;0;0;0;0;0;0;0;0;0;0;0;0;0;0;0;0;0;0;0;0;0;0;0;0;0;0;0;0;0;0;0;696;0;0;0;0;0;0;0;0;0;0;0;0;0;0;0;0;0;0;0;267;0;0;0;0;0;0;0;0;0;0;0;0;0;0;0;0;733;0;0;0;0;0;0;0;0;0;0;0;0;0;0;0;0;0;0;0;0;0;0;0;0;0;0;0;0;0;0;0;0;0;0;0;0;0;0;0;0;0;0;0;0;0;0;0;0;0;0;0;0;0;0;0;0;0;0;0;0;0;0;0;0;0;0;0;0;0;0;0;0;0;0;0;0;0;340;0;0;0;0;0;0;0;0;0;0;0;0;0;0;0;0;0;0;0;0;0;0;0;0;0;1065;0;0;0;0;0;0;0;0;0;0;0;0;0;0;0;0;0;493;0;0;0;0;0;0;0;0;0;0;0;0;0;0;0;0;0;0;0;0;0;0;0;0;0;0;0;0;0;0;0;0;0;0;0;0;0;0;0;0;0;0;0;0;0;0;953;0;0;0;0;0;0;0;0;0;0;0;0;0;0;0;0;0;0;256;881;0;0;0;0;0;0;0;0;0;0;0;0;0;0;0;0;0;0;0;0;0;0;0;0;0;0;0;0;165;0;0;0;0;526;0;0;0;0;0;0;0;0;0;0;0;0;0;0;0;0;0;0;0;0;0;0;0;0;0;0;0;0;0;0;0;0;0;0;0;0;0;0;0;0;0;0;0;315;0;0;0;0;0;0;0;0;0;0;0;0;0;0;0;0;0;0;0;0;0;0;0;0;0;0;0;0;52;0;0;29;0;0;0;0;0;0;0;0;0;0;0;0;0;0;0;0;0;0;0;1255;0;0;0;0;0;0;0;0;0;0;0;0;0;0;0;0;0;0;0;0;0;0;0;0;0;0;0;0;0;0;0;0;0;0;0;0;0;0;0;0;0;0;0;0;0;0;0;0;0;0;0;0;0;0;0;0;0;0;0;192;0;0;0;0;0;0;0;0;0;0;0;0;0;0;0;0;0;0;0;0;0;0;0;0;0;0;0;0;0;0;0;0;0;0;0;0;0;0;0;0;0;0;0;0;0;0;0;0;0;0;0;0;0;0;0;0;0;0;0;721;0;0;0;0;0;0;0;0;0;0;0;0;0;0;0;111;0;0;0;0;0;0;350;0;0;0;0;0;0;0;0;0;0;0;0;879;0;0;0;0;0;0;0;0;0;0;0;0;0;0;0;0;0;0;0;0;0;0;0;0;0;0;0;0;0;0;0;0;0;0;0;0;0;0;0;0;0;0;0;0;0;0;0;0;0;0;0;0;0;0;0;0;0;0;0;0;0;0;157;0;0;0;0;0;923;0;0;0;0;0;0;0;0;0;0;0;0;0;0;0;0;0;0;0;0;0;0;0;0;0;0;0;0;0;0;0;0;0;0;0;0;0;0;0;1278;0;0;0;0;0;0;0;0;0;0;0;0;0;0;0;0;0;0;0;0;0;0;0;0;0;0;0;337;0;0;0;0;60;0;0;0;0;0;0;0;0;0;0;0;0;300;0;0;0;0;0;0;0;0;0;0;0;0;0;0;0;0;0;0;0;477;0;0;0;0;0;0;0;0;0;0;0;210;0;881;0;0;0;0;0;0;0;0;100;0;0;0;0;0;0;0;0;0;315;0;0;0;0;0;0;0;0;0;0;0;0;0;0;0;0;0;0;0;0;0;1592;0;0;0;0;0;0;0;0;0;0;0;0;0;0;0;0;0;0;0;0;0;0;0;0;0;0;1556;0;354;0;0;0;0;0;0;0;0;0;0;0;0;0;0;0;0;0;0;0;0;0;0;0;0;0;0;0;1086;0;0;0;0;0;0;0;0;0;0;0;0;0;0;0;0;0;0;0;0;0;0;0;0;0;0;0;0;0;0;0;0;0;0;0;0;0;0;0;0;0;0;0;0;0;0;0;0;0;0;0;0;0;0;437;0;0;0;0;0;0;0;0;0;0;0;0;0;0;0;0;0;0;0;0;0;0;0;0;0;0;0;0;0;0;0;0;0;0;0;0;0;0;0;0;0;0;289;0;0;0;0;0;0;0;0;0;0;0;0;0;0;0;0;0;0;0;0;0;0;0;0;0;0;0;0;0;0;0;0;0;0;0;0;0;0;0;0;0;0;0;0;0;0;0;0;0;0;0;118;0;0;0;0;0;0;0;0;0;0;0;0;0;0;0;0;0;0;0;0;0;0;0;0;0;0;114;930;0;669;147;0;562;367;0;0;0;0;74;0;0;66;0;21;0;0;0;0;0;0;228;0;0;0;0;0;0;0;0;0;0;0;0;0;1489;0;0;0;0;0;0;0;0;0;0;0;0;0;0;0;0;176;0;0;0;0;0;0;0;0;0;0;0;0;0;0;0;0;0;0;0;0;0;0;0;0;0;0;0;0;0;0;0;0;0;0;0;0;0;0;0;0;0;0;0;0;0;0;0;0;0;0;0;0;157;0;0;0;0;0;0;0;0;0;0;0;0;0;0;0;0;0;0;0;0;0;0;0;1370;0;0;0;0;0;0;0;0;0;0;0;0;0;0;0;0;0;0;0;0;0;0;0;0;0;0;0;0;0;0;0;0;0;0;0;0;0;0;0;0;0;0;0;0;0;0;0;0;0;0;0;0;0;0;0;0;0;0;0;0;0;0;0;0;0;0;0;18;0;0;0;0;0;0;0;0;0;0;655;0;0;0;0;0;0;0;0;0;0;0;0;0;0;0;0;0;0;0;0;0;0;0;0;0;0;0;0;0;0;0;0;0;0;0;0;0;0;0;0;0;0;340;0;0;0;0;0;0;0;0;272;0;0;0;0;0;0;0;0;0;0;0;0;0;0;0;0;0;0;179;0;0;0;0;0;0;0;0;0;0;0;0;0;0;0;556;0;0;0;0;0;0;0;0;0;0;0;0;0;0;0;0;0;0;0;0;0;0;0;0;0;0;0;0;0;0;0;0;0;1588;0;0;0;0;0;0;0;0;0;0;0;0;0;0;0;0;0;0;0;0;0;0;1169;0;0;1006;72;0;0;0;0;0;0;0;0;0;0;0;0;0;0;0;0;0;0;0;0;0;0;0;0;0;0;0;0;0;0;0;0;0;0;0;0;0;0;0;0;0;0;0;0;0;0;0;0;0;0;0;0;0;0;0;0;0;0;0;0;0;0;0;0;667;0;0;130;0;0;0;18;95;0;0;0;43;0;0;0;0;0;0;0;0;0;0;0;0;0;0;0;0;0;0;0;0;0;0;0;0;0;0;0;0;0;0;0;0;0;0;0;0;0;0;0;0;0;0;0;0;0;0;0;0;0;0;0;0;0;0;0;0;0;0;0;0;0;0;0;0;0;0;0;0;0;0;1065;0;118;0;0;0;0;0;0;0;0;0;0;0;0;0;0;0;0;0;0;0;0;0;0;0;0;0;750;0;0;0;411;0;0;0;0;0;0;0;0;0;0;0;0;0;0;838;0;0;0;0;0;0;0;0;0;0;0;0;417;0;0;0;0;0;0;0;0;0;0;0;0;0;0;0;0;0;0;0;0;0;0;0;0;0;0;0;0;0;0;0;0;0;0;0;0;0;0;0;0;0;0;0;0;0;0;0;0;0;0;0;0;0;0;0;0;0;0;0;0;0;0;0;0;0;0;0;0;0;0;0;0;0;0;0;0;0;49;0;0;0;0;0;0;0;0;0;0;408;0;0;0;0;0;0;0;0;0;0;0;0;428;0;0;0;0;0;0;0;0;0;0;0;0;0;0;0;0;0;0;0;102;0;0;0;0;0;0;0;0;0;0;0;0;0;287;0;0;0;0;0;0;0;0;0;0;0;0;0;0;0;0;0;0;0;0;0;0;0;0;0;0;0;0;0;0;184;0;0;0;0;0;0;0;0;0;0;0;0;0;0;0;0;0;0;0;0;0;0;0;0;0;0;0;0;0;0;0;0;0;0;0;0;0;0;0;368;0;0;0;0;0;0;0;0;1051;0;0;0;0;0;0;0;0;0;0;0;0;0;0;0;0;0;0;0;0;0;0;0;0;0;0;0;0;0;0;0;0;0;0;0;933;0;0;0;320;0;0;0;170;185;0;280;0;0;0;0;113;0;0;0;0;0;0;0;0;0;0;0;0;0;0;0;0;0;0;0;0;0;0;0;0;0;0;0;0;0;0;0;0;0;0;0;0;0;0;0;0;0;0;0;0;0;0;0;0;805;0;0;0;0;0;0;0;0;0;0;647;0;0;0;0;0;0;0;0;0;0;0;0;0;0;0;0;0;0;0;0;0;0;0;0;0;0;0;0;0;0;0;0;0;0;0;0;0;0;0;0;0;0;0;0;0;0;0;0;0;0;0;0;0;0;0;0;0;0;0;0;0;0;0;0;0;0;0;0;0;0;0;0;0;0;0;0;0;0;0;0;0;0;0;118;0;0;0;0;0;0;0;0;0;0;0;0;0;0;0;0;0;0;0;0;0;0;0;0;0;0;0;0;0;0;0;0;0;0;0;0;226;530;0;0;0;0;0;0;0;509;0;19;0;0;0;0;1342;0;0;0;0;0;0;0;0;202;9;0;0;0;87;0;0;0;0;0;0;0;0;0;0;0;84;0;0;0;0;204;0;0;476;0;0;0;0;0;0;0;0;0;0;0;0;0;0;0;0;0;0;0;0;0;0;0;0;0;0;0;0;0;0;0;0;0;126;0;0;0;0;0;0;0;0;0;0;0;0;0;529;0;0;0;0;0;131;0;0;0;0;0;0;0;0;0;0;0;0;0;0;0;0;0;0;0;0;0;0;0;0;0;0;0;0;0;0;0;0;0;0;0;0;0;0;0;0;0;0;0;0;0;0;0;0;0;0;0;0;0;0;0;0;0;0;462;0;0;0;0;0;0;0;0;0;0;0;0;0;0;0;0;0;0;0;0;0;0;0;0;0;0;0;0;0;0;0;0;0;0;0;0;0;0;0;0;0;0;0;0;0;0;0;0;0;0;0;0;435;0;0;0;0;0;0;0;0;0;0;0;0;0;0;0;0;0;0;0;0;0;0;0;0;0;0;0;0;0;0;0;0;0;0;0;0;0;0;0;0;47;0;1389;0;0;276;0;0;0;0;0;0;0;0;0;0;0;0;0;0;0;0;0;0;0;0;0;0;0;0;0;0;0;0;194;0;0;0;0;0;0;0;0;829;0;0;0;0;0;0;0;0;0;0;0;0;0;0;0;0;0;0;0;0;0;0;0;0;0;0;0;0;0;0;0;0;0;0;0;0;0;0;0;0;0;0;0;0;0;0;0;0;160;0;0;0;0;0;0;0;0;0;0;0;0;0;0;0;0;0;0;0;0;0;0;0;0;0;0;0;0;0;0;0;0;0;0;0;0;0;0;0;0;0;0;0;0;0;0;0;0;0;0;0;0;0;476;0;0;0;0;0;320;0;0;0;0;0;0;0;0;0;0;0;0;0;0;0;0;0;0;0;0;0;0;0;0;0;0;0;0;0;0;0;0;0;0;0;1212;88;73;40;13;147;27;17;0;0;260;0;0;151;136;188;0;0;0;112;66;186;185
145430169;0;0;0;0;0;0;0;0;0;0;0;0;0;0;0;0;0;0;0;0;0;0;0;0;0;0;0;0;0;0;0;0;0;0;0;0;0;0;0;0;0;0;0;0;0;0;0;0;0;0;0;0;0;0;0;0;0;286;0;0;0;0;0;0;0;0;0;0;0;0;0;0;0;0;0;0;0;0;0;0;0;0;0;0;0;0;528;0;0;0;0;0;1261;0;0;649;0;0;0;0;0;0;0;0;0;0;0;0;0;0;786;0;0;0;52;0;0;0;0;0;0;0;0;330;0;0;0;0;0;0;0;0;0;0;0;0;0;0;0;0;0;0;0;0;0;0;0;0;0;0;0;0;0;0;0;0;0;0;0;0;0;0;0;0;0;0;0;0;0;0;0;0;0;0;0;0;0;0;0;0;0;0;0;0;1384;0;0;0;0;0;0;0;0;0;0;0;0;0;0;0;0;38;0;0;0;0;0;0;0;0;0;0;0;0;0;0;0;259;0;0;0;0;0;0;0;0;0;0;0;0;0;0;0;0;0;0;0;0;0;0;0;414;0;0;0;149;0;0;0;0;0;0;0;0;0;0;0;0;0;0;0;0;0;0;0;0;0;0;0;0;0;1489;246;0;0;0;0;0;0;0;0;0;0;631;0;0;0;0;0;0;0;0;0;0;0;0;0;0;0;0;0;0;0;0;0;0;0;0;0;0;0;0;0;0;0;0;0;0;0;0;0;0;0;0;0;0;0;0;0;0;0;0;0;0;0;0;0;0;0;688;0;0;0;0;0;0;0;0;0;0;0;650;0;0;0;0;0;0;0;387;0;0;0;0;0;0;0;590;0;0;0;0;0;0;0;0;0;0;0;0;0;0;0;0;0;0;0;0;0;0;0;0;0;0;0;0;0;0;0;0;0;0;0;0;0;0;0;0;0;0;0;0;169;0;0;0;0;705;0;0;0;0;0;0;0;0;0;0;0;0;0;0;0;0;0;0;0;0;0;0;0;0;0;0;0;0;0;0;0;601;0;0;0;0;0;0;0;0;0;0;0;1040;0;0;0;0;0;0;0;0;0;0;0;0;0;0;0;0;0;0;0;0;0;0;0;0;0;0;0;0;0;0;314;0;0;0;0;0;0;0;0;0;993;0;0;0;0;0;0;0;0;0;0;0;810;0;1709;0;0;0;0;0;0;0;0;0;0;0;0;236;0;0;0;0;0;0;0;0;0;0;0;0;0;0;0;0;0;0;0;0;0;0;0;0;0;0;0;0;0;0;0;0;0;405;887;0;0;0;0;0;0;0;0;0;0;0;0;0;0;0;0;0;0;0;0;0;0;0;0;156;568;0;0;0;0;0;0;0;0;0;0;0;0;0;0;0;0;0;0;0;0;0;0;0;0;0;0;0;0;0;0;0;0;0;0;0;0;0;0;0;0;0;0;0;0;0;0;0;0;0;0;0;0;0;447;0;0;0;0;0;0;0;1361;0;0;0;0;0;0;0;0;0;0;0;0;0;0;0;0;0;0;0;0;0;0;0;0;0;0;0;0;0;0;0;0;0;0;0;0;0;0;0;0;0;469;0;0;0;0;0;0;0;0;0;0;0;0;0;0;0;0;0;0;0;0;0;0;0;0;0;0;0;0;0;0;0;0;0;0;0;0;0;0;0;0;0;0;0;0;0;0;0;0;0;0;0;0;0;0;0;0;0;0;0;0;0;0;0;0;189;0;0;0;0;0;0;0;0;0;0;0;0;0;0;0;0;0;0;0;0;0;0;0;0;0;0;0;0;0;0;178;0;0;0;0;0;0;0;0;0;0;0;0;0;0;0;0;0;0;0;0;0;0;0;0;0;0;0;0;0;0;0;0;0;0;0;0;0;0;0;0;0;0;0;0;1550;0;0;0;0;0;0;0;0;0;0;0;0;0;0;0;0;0;0;0;0;0;0;0;0;0;0;0;0;0;0;0;0;0;0;0;0;0;0;13;0;0;0;125;0;0;0;0;0;0;206;0;0;66;0;0;0;0;0;0;0;0;0;0;0;0;0;0;0;0;0;0;0;0;0;0;0;0;480;0;0;0;0;0;0;0;0;0;0;0;0;0;0;0;517;0;0;0;0;0;0;0;0;0;0;0;0;0;0;0;0;0;0;0;0;0;0;0;0;0;0;0;0;0;0;0;0;0;0;0;0;0;0;0;0;0;0;0;0;0;0;0;0;0;0;0;0;0;0;0;0;0;0;0;0;0;0;0;0;0;0;0;0;0;0;0;0;0;0;0;0;0;0;0;0;0;0;0;0;0;0;0;0;0;0;0;0;0;0;0;0;0;0;0;0;0;447;0;0;0;0;0;0;0;1708;0;0;0;0;0;0;0;0;0;0;0;0;0;0;0;0;0;0;0;0;0;0;0;0;0;0;0;0;0;0;0;0;0;0;0;51;0;0;0;0;0;694;0;0;0;0;0;175;0;0;0;0;0;0;0;0;0;0;0;0;0;0;0;0;0;0;0;0;0;0;0;0;0;0;0;338;0;0;0;0;0;0;0;0;0;0;0;0;0;0;0;0;0;0;0;0;0;0;0;0;0;0;0;0;0;0;0;0;0;0;0;0;0;0;0;0;0;0;0;0;0;0;0;1219;0;0;0;0;0;0;0;0;0;0;0;0;0;0;0;274;0;0;0;0;0;0;0;0;0;0;0;0;0;0;0;0;514;0;0;0;0;0;0;0;0;0;0;0;0;0;0;0;0;0;0;0;0;0;0;0;0;0;0;0;0;0;2700;0;0;0;0;0;0;0;0;0;0;0;539;0;0;0;0;0;0;0;0;0;0;0;0;0;0;0;0;0;0;0;0;0;0;0;0;0;0;0;0;0;0;0;0;0;0;0;0;0;0;0;0;0;0;0;0;0;0;0;0;0;0;0;0;0;0;0;0;0;0;0;0;0;0;0;0;0;0;0;0;1231;0;0;0;0;0;0;0;0;0;0;0;0;0;0;0;0;0;0;0;0;0;0;0;0;0;0;0;0;0;0;0;0;205;0;0;397;0;0;0;0;0;0;0;0;0;0;495;0;0;0;0;0;0;458;0;0;0;0;0;0;0;0;0;0;0;0;0;0;0;0;0;793;0;0;0;0;0;0;0;0;0;0;0;0;0;0;110;0;0;0;0;0;0;0;317;0;0;0;0;0;0;0;0;0;0;0;0;0;0;0;0;0;0;0;0;0;0;0;0;0;0;0;0;0;0;0;0;0;1935;0;0;0;0;0;0;0;901;0;0;0;0;0;0;0;0;0;0;0;85;0;0;0;0;0;0;125;0;0;0;0;0;0;0;0;0;0;0;0;0;0;0;0;0;0;0;0;0;0;0;0;0;0;0;0;0;0;0;0;0;0;0;0;0;0;0;0;0;0;0;0;0;0;0;0;0;0;0;0;0;0;362;0;0;0;0;0;0;0;0;0;0;0;365;0;0;0;0;0;0;0;0;31;0;0;0;0;0;23;0;0;0;0;0;0;0;0;0;0;0;0;0;0;0;0;0;0;0;0;0;0;0;287;0;777;0;0;0;0;0;0;0;0;0;0;0;0;0;0;0;0;0;0;0;0;0;0;0;0;0;0;0;0;0;0;0;0;0;0;13;0;0;0;0;0;0;0;0;0;0;0;0;0;0;0;0;0;0;0;0;0;0;0;0;0;0;0;0;0;0;0;0;0;0;0;0;0;0;0;0;0;0;0;0;0;0;0;0;0;0;0;0;0;0;0;0;0;0;0;0;0;0;0;0;0;0;0;0;0;0;0;0;0;0;0;1099;0;0;0;0;0;0;0;0;0;0;0;0;0;0;0;0;0;0;0;1418;0;0;0;0;0;0;0;0;0;0;0;0;0;0;0;0;0;0;0;0;0;0;0;0;0;0;0;0;0;0;0;0;0;0;0;0;0;0;0;0;0;56;0;0;0;0;0;0;0;0;0;0;0;0;0;0;0;0;0;0;0;0;0;0;0;0;0;0;0;0;0;0;0;0;0;0;602;0;0;0;0;0;0;0;0;0;0;0;0;0;0;1100;0;460;0;0;0;27;0;0;0;0;0;0;0;0;0;0;0;0;437;0;0;0;0;0;0;0;0;0;0;0;0;0;0;0;0;0;0;0;0;0;0;0;0;0;0;0;0;0;0;0;0;134;0;0;0;0;0;0;0;0;0;0;361;0;0;1019;0;0;0;0;0;0;0;0;0;0;0;0;0;0;0;0;0;0;0;0;0;0;0;0;0;0;0;0;0;1832;0;0;0;512;0;0;0;0;0;0;0;0;0;0;0;0;0;0;0;0;0;0;0;0;0;0;0;0;0;2002;0;0;0;618;0;157;0;0;0;0;0;0;0;0;0;0;0;0;0;0;0;0;0;0;0;0;0;0;0;0;0;0;0;0;0;0;0;0;0;0;0;0;0;0;0;0;0;0;0;0;0;0;0;158;0;0;0;0;0;0;0;0;0;0;0;0;0;0;0;0;0;0;0;0;0;0;0;0;630;0;0;0;202;0;0;0;0;0;0;0;0;0;0;0;0;0;0;0;0;0;0;0;0;0;0;0;0;0;0;0;0;0;0;0;406;0;0;0;0;0;0;0;0;0;0;0;566;0;0;0;0;0;0;655;0;0;0;0;0;0;0;0;0;0;0;0;0;0;0;0;0;0;0;0;0;0;0;0;0;0;0;0;0;0;0;0;0;0;7;0;0;0;0;0;0;0;0;0;0;0;0;0;0;823;0;0;0;0;0;0;0;0;0;0;0;0;0;0;0;0;0;66;0;0;0;0;0;0;0;0;0;0;0;686;0;0;0;0;0;0;0;0;0;0;0;0;0;0;0;0;0;0;0;0;0;0;0;0;0;0;0;0;0;209;0;0;0;0;0;0;0;0;213;0;0;0;0;0;0;0;0;0;0;0;0;0;0;0;0;0;0;0;0;0;0;0;0;0;0;572;0;0;0;0;0;0;0;0;0;0;0;0;0;0;0;0;190;0;0;0;0;0;0;0;0;0;0;0;0;0;0;0;0;0;0;0;0;0;0;0;0;0;0;0;0;0;0;0;0;0;0;0;0;0;0;0;0;0;0;0;0;0;0;0;0;0;0;0;0;0;0;0;0;0;0;0;0;0;0;0;0;0;1532;0;0;0;0;0;0;0;0;0;0;0;0;0;0;0;0;0;0;0;0;0;0;0;0;0;0;0;0;0;0;0;0;0;0;0;0;243;0;0;84;340;0;0;0;0;0;0;0;0;0;0;0;0;604;0;0;571;0;0;0;0;0;0;0;0;0;0;0;0;0;0;384;0;0;0;0;0;0;0;0;0;0;0;0;0;0;0;0;0;0;0;0;0;0;0;0;0;0;0;0;0;0;0;0;0;0;0;0;0;0;0;0;0;0;0;539;0;0;0;0;0;0;0;0;0;0;0;0;0;0;0;0;0;0;0;84;0;0;0;0;0;0;0;0;0;0;0;0;0;0;1141;0;0;0;120;0;0;870;0;733;0;0;0;0;0;0;7;0;0;0;0;0;0;0;0;0;0;0;0;0;0;0;0;0;0;0;0;0;941;0;0;0;0;0;0;0;0;0;0;0;0;0;0;0;0;0;0;0;0;0;0;0;0;0;0;0;0;0;0;0;0;0;0;0;0;0;0;0;0;0;0;0;0;0;0;0;0;0;0;0;0;0;0;94;0;0;0;0;0;0;0;0;0;0;0;0;0;0;0;0;0;0;0;0;0;0;0;0;0;0;0;0;0;0;0;0;0;0;0;0;0;0;0;0;0;843;0;0;0;0;0;0;0;0;0;0;1329;0;0;0;0;0;0;0;0;0;0;0;0;0;0;0;0;0;0;0;0;0;0;0;0;0;0;0;0;0;0;0;0;0;0;0;0;0;0;0;0;0;0;0;0;0;0;391;0;0;0;0;0;0;0;0;0;0;0;0;0;0;0;0;0;0;0;0;0;0;0;0;403;0;168;0;0;0;0;0;0;0;0;0;0;0;0;0;0;0;0;0;0;53;0;0;0;0;136;0;0;0;0;0;0;0;0;0;0;0;0;0;0;0;0;0;0;0;0;1026;0;0;0;0;0;0;0;0;0;0;0;0;0;0;0;0;0;0;0;0;0;0;0;0;0;0;0;0;0;0;0;0;0;0;0;0;0;0;0;0;0;0;0;0;0;0;0;0;0;0;0;0;0;0;0;0;0;0;0;0;0;0;0;0;0;236;0;0;0;0;0;0;0;0;0;0;0;0;0;0;0;0;0;0;0;0;0;0;0;0;0;0;0;0;0;950;0;0;0;0;0;0;0;0;0;0;0;0;0;0;0;0;0;0;0;0;0;0;0;0;0;0;6;0;0;0;0;0;0;0;0;0;0;0;0;0;0;0;0;707;0;0;637;0;0;0;0;0;0;0;0;0;0;0;0;0;0;0;0;0;0;0;0;0;0;0;0;0;0;0;0;0;0;0;0;0;0;0;0;0;0;0;0;0;688;0;0;0;0;0;0;0;0;0;0;0;0;0;0;0;0;0;0;0;0;0;0;0;0;0;0;0;0;0;0;0;0;0;0;0;0;0;0;0;0;0;0;0;0;0;0;0;0;0;0;0;0;0;0;42;0;0;0;0;0;0;0;0;0;0;0;0;0;0;0;0;0;0;0;0;0;0;0;0;0;0;0;0;0;0;0;0;0;0;0;0;0;0;0;58;0;0;0;0;0;0;0;0;0;0;0;0;0;0;0;0;0;0;0;0;0;0;0;0;0;0;0;0;0;0;0;0;0;0;0;0;0;0;0;0;0;0;0;0;0;0;0;0;0;0;102;0;0;0;0;0;0;0;0;0;0;0;0;0;0;0;0;0;0;0;0;0;0;0;0;0;0;0;0;0;0;0;0;0;0;0;0;0;0;0;0;0;0;0;0;0;0;0;0;0;0;0;0;0;0;0;0;0;0;0;0;0;0;0;506;0;0;0;0;0;0;0;0;0;0;0;0;0;0;0;0;0;0;0;0;0;0;1050;0;0;0;0;0;0;0;0;0;0;0;0;0;537;0;0;0;0;0;0;0;0;0;0;0;0;0;0;0;0;0;0;0;0;0;0;0;0;0;0;0;0;0;0;0;0;0;0;0;0;0;0;0;0;0;0;0;0;0;0;153;0;0;0;0;0;0;0;0;0;0;0;0;0;0;0;0;0;33;0;0;0;0;0;0;0;0;0;0;0;0;0;0;0;0;0;0;0;0;0;0;0;0;0;0;0;0;0;0;0;0;336;0;0;0;0;211;0;0;0;0;0;0;0;0;0;0;0;0;0;0;0;0;1735;0;0;0;0;0;0;0;0;0;626;0;0;0;0;0;0;0;0;0;0;0;0;0;0;0;0;0;0;0;0;0;0;0;0;56;0;0;0;0;0;0;0;0;0;0;0;0;0;0;0;0;0;0;0;0;0;0;0;0;0;0;0;0;0;0;0;0;0;0;0;0;0;0;0;466;0;0;0;0;0;0;0;0;0;0;0;0;0;0;0;0;0;0;0;0;0;0;0;0;0;0;0;0;0;0;0;0;0;0;0;0;0;0;0;1310;0;0;0;0;354;0;0;0;0;0;0;0;0;0;0;0;0;0;0;0;0;0;0;0;0;0;0;0;0;0;0;0;0;0;0;0;0;0;0;0;0;0;0;0;0;0;0;0;0;0;0;0;0;0;0;0;0;0;0;0;0;0;900;0;0;0;0;0;0;0;0;0;0;0;0;0;0;0;0;0;0;0;0;732;0;0;0;0;0;0;0;0;0;0;629;0;0;0;0;0;0;0;0;0;0;0;0;0;0;0;0;0;0;0;0;0;0;0;713;0;0;0;0;0;0;0;0;0;0;0;0;0;0;0;0;0;0;0;0;0;0;0;0;0;0;0;0;0;0;0;0;0;0;0;0;0;0;0;154;0;974;0;0;0;216;0;0;0;0;0;0;0;0;0;0;0;0;0;0;0;0;0;0;0;0;0;0;0;783;0;0;0;0;0;0;0;0;0;0;0;0;0;0;0;0;0;0;0;0;0;0;0;0;0;0;0;0;0;0;0;0;0;0;0;0;0;169;0;779;0;0;714;264;226;0;0;218;0;0;0;0;0;0;0;183;0;0;685;0;0;0;0;0;0;0;0;0;0;0;0;0;0;0;0;256;0;0;0;0;0;0;0;0;0;0;0;0;0;0;0;0;0;0;0;0;0;0;0;0;0;0;0;0;0;0;0;0;0;0;0;0;0;0;0;0;0;0;0;0;0;0;0;0;0;0;0;0;0;0;0;256;0;0;0;0;0;0;0;0;0;0;0;0;0;0;0;0;0;0;0;0;0;0;0;0;0;0;0;0;0;0;0;0;0;0;0;0;0;0;0;191;0;0;0;0;0;0;0;0;0;0;0;0;0;0;0;0;0;0;0;0;0;360;0;0;0;0;0;0;0;0;0;0;0;0;0;0;0;0;0;0;0;0;0;0;0;0;0;0;0;0;0;0;1429;0;0;0;0;0;0;0;0;0;0;0;0;0;0;0;0;0;0;0;0;0;0;0;0;0;0;0;0;0;0;0;0;0;0;0;0;0;0;0;0;0;0;0;0;0;0;0;0;0;0;0;0;0;0;0;0;0;0;0;0;0;0;0;0;0;0;0;0;0;0;0;0;0;0;0;0;0;0;0;696;0;0;0;0;0;0;0;0;0;0;0;0;0;0;0;0;0;0;0;267;0;0;0;0;0;0;0;0;0;0;0;0;0;0;0;0;733;0;0;0;0;0;0;0;0;0;0;0;0;0;0;0;0;0;0;0;0;0;0;0;0;0;0;0;0;0;0;0;0;0;0;0;0;0;0;0;0;0;0;0;0;0;0;0;0;0;0;0;0;0;0;0;0;0;0;0;0;0;0;0;0;0;0;0;0;0;0;0;0;0;0;0;0;0;340;0;0;0;0;0;0;0;0;0;0;0;0;0;0;0;0;0;0;0;0;0;0;0;0;0;1065;0;0;0;0;0;0;0;0;0;0;0;0;0;0;0;0;0;493;0;0;0;0;0;0;0;0;0;0;0;0;0;0;0;0;0;0;0;0;0;0;0;0;0;0;0;0;0;0;0;0;0;0;0;0;0;0;0;0;0;0;0;0;0;0;953;0;0;0;0;0;0;0;0;0;0;0;0;0;0;0;0;0;0;256;881;0;0;0;0;0;0;0;0;0;0;0;0;0;0;0;0;0;0;0;0;0;0;0;0;0;0;0;0;165;0;0;0;0;526;0;0;0;0;0;0;0;0;0;0;0;0;0;0;0;0;0;0;0;0;0;0;0;0;0;0;0;0;0;0;0;0;0;0;0;0;0;0;0;0;0;0;0;315;0;0;0;0;0;0;0;0;0;0;0;0;0;0;0;0;0;0;0;0;0;0;0;0;0;0;0;0;52;0;0;29;0;0;0;0;0;0;0;0;0;0;0;0;0;0;0;0;0;0;0;1255;0;0;0;0;0;0;0;0;0;0;0;0;0;0;0;0;0;0;0;0;0;0;0;0;0;0;0;0;0;0;0;0;0;0;0;0;0;0;0;0;0;0;0;0;0;0;0;0;0;0;0;0;0;0;0;0;0;0;0;192;0;0;0;0;0;0;0;0;0;0;0;0;0;0;0;0;0;0;0;0;0;0;0;0;0;0;0;0;0;0;0;0;0;0;0;0;0;0;0;0;0;0;0;0;0;0;0;0;0;0;0;0;0;0;0;0;0;0;0;721;0;0;0;0;0;0;0;0;0;0;0;0;0;0;0;111;0;0;0;0;0;0;350;0;0;0;0;0;0;0;0;0;0;0;0;879;0;0;0;0;0;0;0;0;0;0;0;0;0;0;0;0;0;0;0;0;0;0;0;0;0;0;0;0;0;0;0;0;0;0;0;0;0;0;0;0;0;0;0;0;0;0;0;0;0;0;0;0;0;0;0;0;0;0;0;0;0;0;157;0;0;0;0;0;923;0;0;0;0;0;0;0;0;0;0;0;0;0;0;0;0;0;0;0;0;0;0;0;0;0;0;0;0;0;0;0;0;0;0;0;0;0;0;0;1278;0;0;0;0;0;0;0;0;0;0;0;0;0;0;0;0;0;0;0;0;0;0;0;0;0;0;0;337;0;0;0;0;60;0;0;0;0;0;0;0;0;0;0;0;0;300;0;0;0;0;0;0;0;0;0;0;0;0;0;0;0;0;0;0;0;477;0;0;0;0;0;0;0;0;0;0;0;210;0;881;0;0;0;0;0;0;0;0;100;0;0;0;0;0;0;0;0;0;315;0;0;0;0;0;0;0;0;0;0;0;0;0;0;0;0;0;0;0;0;0;1592;0;0;0;0;0;0;0;0;0;0;0;0;0;0;0;0;0;0;0;0;0;0;0;0;0;0;1556;0;354;0;0;0;0;0;0;0;0;0;0;0;0;0;0;0;0;0;0;0;0;0;0;0;0;0;0;0;1086;0;0;0;0;0;0;0;0;0;0;0;0;0;0;0;0;0;0;0;0;0;0;0;0;0;0;0;0;0;0;0;0;0;0;0;0;0;0;0;0;0;0;0;0;0;0;0;0;0;0;0;0;0;0;437;0;0;0;0;0;0;0;0;0;0;0;0;0;0;0;0;0;0;0;0;0;0;0;0;0;0;0;0;0;0;0;0;0;0;0;0;0;0;0;0;0;0;289;0;0;0;0;0;0;0;0;0;0;0;0;0;0;0;0;0;0;0;0;0;0;0;0;0;0;0;0;0;0;0;0;0;0;0;0;0;0;0;0;0;0;0;0;0;0;0;0;0;0;0;118;0;0;0;0;0;0;0;0;0;0;0;0;0;0;0;0;0;0;0;0;0;0;0;0;0;0;114;930;0;669;147;0;562;367;0;0;0;0;74;0;0;66;0;21;0;0;0;0;0;0;228;0;0;0;0;0;0;0;0;0;0;0;0;0;1489;0;0;0;0;0;0;0;0;0;0;0;0;0;0;0;0;176;0;0;0;0;0;0;0;0;0;0;0;0;0;0;0;0;0;0;0;0;0;0;0;0;0;0;0;0;0;0;0;0;0;0;0;0;0;0;0;0;0;0;0;0;0;0;0;0;0;0;0;0;157;0;0;0;0;0;0;0;0;0;0;0;0;0;0;0;0;0;0;0;0;0;0;0;1370;0;0;0;0;0;0;0;0;0;0;0;0;0;0;0;0;0;0;0;0;0;0;0;0;0;0;0;0;0;0;0;0;0;0;0;0;0;0;0;0;0;0;0;0;0;0;0;0;0;0;0;0;0;0;0;0;0;0;0;0;0;0;0;0;0;0;0;18;0;0;0;0;0;0;0;0;0;0;655;0;0;0;0;0;0;0;0;0;0;0;0;0;0;0;0;0;0;0;0;0;0;0;0;0;0;0;0;0;0;0;0;0;0;0;0;0;0;0;0;0;0;340;0;0;0;0;0;0;0;0;272;0;0;0;0;0;0;0;0;0;0;0;0;0;0;0;0;0;0;179;0;0;0;0;0;0;0;0;0;0;0;0;0;0;0;556;0;0;0;0;0;0;0;0;0;0;0;0;0;0;0;0;0;0;0;0;0;0;0;0;0;0;0;0;0;0;0;0;0;1588;0;0;0;0;0;0;0;0;0;0;0;0;0;0;0;0;0;0;0;0;0;0;1169;0;0;1006;72;0;0;0;0;0;0;0;0;0;0;0;0;0;0;0;0;0;0;0;0;0;0;0;0;0;0;0;0;0;0;0;0;0;0;0;0;0;0;0;0;0;0;0;0;0;0;0;0;0;0;0;0;0;0;0;0;0;0;0;0;0;0;0;0;667;0;0;130;0;0;0;18;95;0;0;0;43;0;0;0;0;0;0;0;0;0;0;0;0;0;0;0;0;0;0;0;0;0;0;0;0;0;0;0;0;0;0;0;0;0;0;0;0;0;0;0;0;0;0;0;0;0;0;0;0;0;0;0;0;0;0;0;0;0;0;0;0;0;0;0;0;0;0;0;0;0;0;1065;0;118;0;0;0;0;0;0;0;0;0;0;0;0;0;0;0;0;0;0;0;0;0;0;0;0;0;750;0;0;0;411;0;0;0;0;0;0;0;0;0;0;0;0;0;0;838;0;0;0;0;0;0;0;0;0;0;0;0;417;0;0;0;0;0;0;0;0;0;0;0;0;0;0;0;0;0;0;0;0;0;0;0;0;0;0;0;0;0;0;0;0;0;0;0;0;0;0;0;0;0;0;0;0;0;0;0;0;0;0;0;0;0;0;0;0;0;0;0;0;0;0;0;0;0;0;0;0;0;0;0;0;0;0;0;0;0;49;0;0;0;0;0;0;0;0;0;0;408;0;0;0;0;0;0;0;0;0;0;0;0;428;0;0;0;0;0;0;0;0;0;0;0;0;0;0;0;0;0;0;0;102;0;0;0;0;0;0;0;0;0;0;0;0;0;287;0;0;0;0;0;0;0;0;0;0;0;0;0;0;0;0;0;0;0;0;0;0;0;0;0;0;0;0;0;0;184;0;0;0;0;0;0;0;0;0;0;0;0;0;0;0;0;0;0;0;0;0;0;0;0;0;0;0;0;0;0;0;0;0;0;0;0;0;0;0;368;0;0;0;0;0;0;0;0;1051;0;0;0;0;0;0;0;0;0;0;0;0;0;0;0;0;0;0;0;0;0;0;0;0;0;0;0;0;0;0;0;0;0;0;0;933;0;0;0;320;0;0;0;170;185;0;280;0;0;0;0;113;0;0;0;0;0;0;0;0;0;0;0;0;0;0;0;0;0;0;0;0;0;0;0;0;0;0;0;0;0;0;0;0;0;0;0;0;0;0;0;0;0;0;0;0;0;0;0;0;805;0;0;0;0;0;0;0;0;0;0;647;0;0;0;0;0;0;0;0;0;0;0;0;0;0;0;0;0;0;0;0;0;0;0;0;0;0;0;0;0;0;0;0;0;0;0;0;0;0;0;0;0;0;0;0;0;0;0;0;0;0;0;0;0;0;0;0;0;0;0;0;0;0;0;0;0;0;0;0;0;0;0;0;0;0;0;0;0;0;0;0;0;0;0;118;0;0;0;0;0;0;0;0;0;0;0;0;0;0;0;0;0;0;0;0;0;0;0;0;0;0;0;0;0;0;0;0;0;0;0;0;226;530;0;0;0;0;0;0;0;509;0;19;0;0;0;0;1342;0;0;0;0;0;0;0;0;202;9;0;0;0;87;0;0;0;0;0;0;0;0;0;0;0;84;0;0;0;0;204;0;0;476;0;0;0;0;0;0;0;0;0;0;0;0;0;0;0;0;0;0;0;0;0;0;0;0;0;0;0;0;0;0;0;0;0;126;0;0;0;0;0;0;0;0;0;0;0;0;0;529;0;0;0;0;0;131;0;0;0;0;0;0;0;0;0;0;0;0;0;0;0;0;0;0;0;0;0;0;0;0;0;0;0;0;0;0;0;0;0;0;0;0;0;0;0;0;0;0;0;0;0;0;0;0;0;0;0;0;0;0;0;0;0;0;462;0;0;0;0;0;0;0;0;0;0;0;0;0;0;0;0;0;0;0;0;0;0;0;0;0;0;0;0;0;0;0;0;0;0;0;0;0;0;0;0;0;0;0;0;0;0;0;0;0;0;0;0;435;0;0;0;0;0;0;0;0;0;0;0;0;0;0;0;0;0;0;0;0;0;0;0;0;0;0;0;0;0;0;0;0;0;0;0;0;0;0;0;0;47;0;1389;0;0;276;0;0;0;0;0;0;0;0;0;0;0;0;0;0;0;0;0;0;0;0;0;0;0;0;0;0;0;0;194;0;0;0;0;0;0;0;0;829;0;0;0;0;0;0;0;0;0;0;0;0;0;0;0;0;0;0;0;0;0;0;0;0;0;0;0;0;0;0;0;0;0;0;0;0;0;0;0;0;0;0;0;0;0;0;0;0;160;0;0;0;0;0;0;0;0;0;0;0;0;0;0;0;0;0;0;0;0;0;0;0;0;0;0;0;0;0;0;0;0;0;0;0;0;0;0;0;0;0;0;0;0;0;0;0;0;0;0;0;0;0;476;0;0;0;0;0;320;0;0;0;0;0;0;0;0;0;0;0;0;0;0;0;0;0;0;0;0;0;0;0;0;0;0;0;0;0;0;0;0;0;0;0;1413;5;50;0;0;109;26;14;0;0;260;0;0;151;136;188;0;0;0;112;66;186;185
